-16.364124 -46.034584 12.905059
-20.496590 -42.252869 14.756606
-23.152864 -39.443497 16.100031
-25.277884 -37.195995 17.174770
-27.411028 -35.397999 18.585814
-29.117546 -33.959595 19.714645
-30.482759 -32.808876 20.342089
-31.574932 -31.888304 20.844042
-32.881798 -31.151842 21.107792
-33.927292 -30.562672 21.318792
-34.868240 -29.420115 22.223911
-36.035011 -27.816669 23.194160
-35.886726 -26.703707 22.965416
-37.108902 -25.936228 22.973179
-36.833866 -25.996857 24.159157
-35.684731 -25.781115 24.352524
-36.898159 -24.866161 24.528908
-36.784081 -24.500652 25.591702
-36.927170 -23.360260 25.531929
-38.055424 -24.170731 25.396767
-38.307716 -23.444277 26.433521
-37.445778 -22.020361 26.523655
-38.453480 -22.333227 26.947433
-39.477924 -22.655558 26.198368
-39.650764 -21.188887 26.735184
-38.457207 -21.155258 27.211170
-39.042618 -19.852335 27.481396
-38.612957 -18.845448 27.307247
-39.456009 -19.355257 28.631145
-39.810257 -18.331867 27.929745
-38.679970 -17.840443 28.808605
-41.042450 -17.762718 28.242203
-40.002308 -16.860756 28.586349
-40.140263 -17.091019 29.601532
-38.990063 -16.768723 29.787025
-40.479816 -15.799593 29.707121
-39.964485 -14.536810 29.786716
-38.820499 -15.231218 30.813147
-41.552029 -15.791883 30.145895
-40.978436 -13.481266 30.323483
-40.591038 -12.315641 30.695698
-39.558548 -11.676027 30.875044
-41.686378 -12.194870 31.324486
-40.993385 -11.057251 30.866751
-40.507107 -10.525658 31.908998
-41.613174 -10.668218 32.080582
-41.247066 -9.337631 31.970911
-41.556034 -8.271302 31.093512
-40.520939 -7.839894 31.812841
-41.187565 -7.817579 32.962784
-41.597057 -9.102931 32.998421
-39.898342 -9.443686 32.836117
-42.476128 -8.085931 32.975555
-41.201092 -6.777835 32.391171
-40.068371 -6.923146 33.529381
-39.611908 -7.978594 33.183006
-41.093113 -6.264441 33.497589
-41.093838 -5.933760 34.584320
-41.345901 -4.633574 34.543621
-39.801414 -5.479986 34.746460
-40.144085 -3.763175 34.833862
-41.366627 -3.268171 34.483131
-41.877483 -2.234519 34.828197
-41.244503 -3.120334 35.931744
-38.995022 -3.379545 35.397839
-39.819118 -2.182824 34.525539
-40.330730 -1.678378 35.567543
-40.157673 -0.602363 36.144566
-41.158237 -0.383924 35.741135
-41.562679 0.023345 36.830322
-38.779331 0.055356 37.280430
-39.844189 0.857734 36.981403
-40.861778 1.232889 37.149872
-40.284252 0.939956 35.850670
-40.213234 -0.228286 37.258278
-39.497253 2.056042 36.800690
-41.344494 2.310976 37.005043
-40.397976 2.890781 38.030785
-40.269218 3.104476 36.743835
-40.614571 4.367333 37.393997
-39.532806 4.451100 37.335251
-40.103813 5.627642 38.043159
-39.019306 5.263107 38.942528
-40.241798 6.787046 38.685791
-38.847301 6.486027 38.855251
-39.078922 7.595538 39.134033
-39.149437 8.499355 40.242165
-38.943001 8.994876 39.237770
-39.684330 10.006183 39.770660
-38.033401 7.961107 39.490166
-37.780525 9.274152 39.698013
-36.651211 9.740011 39.628502
-37.891163 10.316175 39.848061
-38.406216 11.419709 40.416870
-39.042309 10.270204 41.559013
-37.447079 12.518290 40.892860
-36.915813 11.344504 40.659878
-37.313259 13.596815 40.152542
-38.541054 14.142667 40.104729
-37.242096 13.791802 41.299038
-36.121120 12.882398 41.142242
-37.240993 15.010893 41.329536
-37.174915 16.160629 41.097298
-36.134182 15.554185 41.539215
-35.664364 14.530927 41.752575
-37.040989 17.265209 41.694103
-35.931282 17.271709 41.563667
-35.549389 18.448673 42.195366
-35.392464 19.767807 42.032967
-36.441051 19.822113 42.495857
-34.934124 19.173450 43.254906
-35.096729 20.823706 42.358711
-33.928314 21.206747 43.046539
-32.883377 21.793774 42.774925
-32.772240 22.241695 43.961208
-32.908974 20.791222 43.681908
-32.949860 23.250721 44.046822
-32.686493 24.305407 44.895767
-31.540604 23.086359 43.965141
-30.816689 24.164717 44.520901
-31.846064 24.515991 43.850483
-31.390539 25.520615 43.426540
-30.236263 25.811586 43.694664
-31.340446 25.862110 44.569008
-30.403749 27.034460 44.165241
-29.062424 26.525665 44.101311
-29.246529 27.552752 44.170837
-28.890022 28.810196 43.832985
-28.219687 27.992855 44.885132
-27.812937 29.365908 44.376663
-29.405853 27.331291 45.816093
-29.394640 28.603376 45.227543
-28.279522 26.989389 45.172096
-30.583395 27.983587 45.387245
-28.307611 29.313036 45.448524
-29.950737 29.847153 45.119186
-31.077404 26.979727 45.220093
-29.955282 26.319290 45.205658
-30.120651 25.159840 45.570763
-32.292835 26.988752 45.011581
-31.143503 25.826418 45.636299
-32.403156 25.413513 45.790764
-29.867926 23.947124 45.611809
-31.958179 27.532578 46.224827
-30.417505 27.072668 46.417183
-29.397419 26.183035 46.261600
-29.136290 28.529955 46.454121
-27.816153 28.292795 45.939709
-29.553694 29.579407 46.603306
-28.251026 29.611254 46.695068
-28.072969 27.990908 47.171654
-29.105898 27.399115 46.996746
-30.627663 28.996622 46.512604
-27.813810 30.901894 46.447487
-26.738457 31.068182 46.243244
-26.834299 32.147942 46.466946
-26.886724 33.150097 46.648716
-26.166407 33.758545 45.621933
-25.659351 32.543224 46.461250
-24.654314 33.547729 46.587444
-23.515461 33.606308 46.837601
-23.863098 34.705452 46.264252
-22.299042 34.227821 46.601654
-22.717962 35.458729 47.238102
-22.962471 36.469486 47.024353
-21.690348 36.471588 47.022087
-20.515972 37.040344 46.832012
-20.295502 38.094406 46.885120
-19.032272 38.719379 46.838856
-19.267422 39.856869 46.767994
-17.828218 38.867161 47.492687
-17.046436 39.918427 47.127228
-17.538280 40.995308 47.597710
-16.492935 41.380264 47.137627
-15.477233 41.879791 46.991482
-15.010499 43.063362 47.212353
-14.382595 41.985111 47.087334
-13.913406 43.550419 46.998730
-12.982509 42.488571 47.324940
-12.879781 44.051193 47.010502
-11.842900 44.279598 47.471901
-11.584621 45.479362 46.986488
-10.497251 45.392273 47.238243
-10.146307 46.587940 47.077847
-9.390003 44.985809 47.114166
-8.142882 46.169369 47.074677
-7.003543 46.674950 47.683189
-5.507977 46.950691 47.126827
-5.586318 47.973270 47.147755
-4.512036 48.215321 47.157928
-3.499884 48.475323 47.482342
-2.429682 48.598320 46.960938
-1.834318 49.623013 47.005272
-0.806406 49.168476 47.450718
0.264092 49.744240 47.640125
0.713718 47.977600 48.544159
1.934319 48.598713 48.978680
2.938064 48.552971 49.275021
4.043722 48.902069 49.582951
5.289478 48.036449 48.976337
5.664975 49.159153 48.751785
6.860426 49.403679 48.054676
7.961814 49.643112 47.900951
9.055212 49.861431 47.208973
10.207613 50.626057 46.932026
10.989964 51.656544 46.292149
11.409588 52.077816 45.133953
12.029435 53.300678 44.376831
11.275443 54.535648 43.344734
11.493938 55.345215 42.179253
11.343627 55.818317 41.082382
12.358156 56.017349 40.454636
13.570848 56.969120 40.558861
14.712064 57.690731 40.413017
16.125681 57.927120 40.095413
16.070377 58.083134 39.023674
16.363508 58.662968 37.642090
16.574934 58.495121 36.421268
16.121210 58.150928 34.995274
15.309465 59.331848 34.096519
15.876390 60.322517 32.905121
17.225737 60.863583 31.835829
16.689285 60.856453 30.700085
17.252764 61.968578 29.586689
17.810631 60.873764 29.609211
16.486860 61.814816 28.543539
16.446247 61.793766 27.439106
15.291319 61.327229 26.906498
15.632334 61.008377 25.898396
15.229003 62.035625 24.982822
15.911321 61.679264 23.918903
15.343276 60.895229 22.882095
14.803011 61.290741 21.696468
14.874344 61.359310 20.578985
14.521049 60.228062 20.006834
15.786818 59.450142 19.239817
16.045074 59.362881 18.152529
17.093128 59.180374 17.142546
18.411776 58.559502 16.902327
19.114328 58.426971 15.819345
20.235203 57.777496 15.793570
22.129690 57.585354 15.301811
23.054062 56.877911 14.253028
24.061750 55.660820 14.541316
22.487734 56.395134 13.250875
23.899651 55.808571 12.695995
24.938686 56.866985 13.119587
25.252708 55.716213 13.299071
26.418377 55.681137 13.512530
27.106228 54.443554 12.950567
28.214176 54.482872 13.073843
29.232447 53.996975 13.167905
30.327547 53.563011 12.933189
31.363289 53.209621 12.693482
31.580343 53.914898 13.722080
32.457951 52.693127 13.617130
33.628178 53.777618 13.869922
33.677731 52.960445 12.667253
33.504536 51.877674 13.082974
34.753036 52.348186 12.547289
35.833958 51.646008 12.950850
36.990200 50.511627 12.666941
38.130291 51.319088 11.480450
39.364635 50.913189 12.421437
40.521763 50.386982 12.980206
40.940964 51.465363 12.952084
42.015598 50.552940 12.631935
41.129307 49.324154 12.563438
42.566013 51.564079 12.540679
43.625324 50.845341 13.000970
43.439674 49.461639 12.344989
43.990871 48.350128 11.971830
45.210247 48.798016 12.215798
45.501080 47.729553 12.412842
46.333534 46.680721 12.295852
46.504841 48.331963 12.160501
47.376083 46.598431 12.249716
48.383514 46.177620 12.021834
49.496574 45.037842 12.225535
50.512722 44.820808 12.181176
50.930931 43.819855 12.169725
52.094418 42.799053 12.659192
52.322422 41.687687 12.221739
53.443985 40.750889 12.408760
51.666031 40.513035 12.237082
54.473389 40.072456 12.015079
53.428932 39.427002 12.537892
54.778286 38.727314 12.046491
54.334354 37.312103 12.216346
55.818016 38.014755 12.362536
56.025085 36.987503 12.528769
57.127392 36.281189 12.981673
57.890350 35.237064 12.001083
57.820641 34.157257 11.972698
57.802238 32.993721 12.698663
58.901928 32.620552 12.653126
59.061440 31.328770 12.355669
59.239964 30.004148 11.813969
58.272877 28.652767 11.910879
58.811096 27.542824 11.589568
59.648594 26.314457 11.375134
59.765366 25.237349 11.331768
59.692432 24.123917 11.341934
59.910145 23.093046 11.074018
60.939209 22.866327 11.653496
60.509525 21.845020 11.148328
61.535053 20.862936 11.890627
62.595711 19.876808 11.505843
61.035648 20.062464 10.877220
60.529827 18.947657 11.732561
60.523540 20.007833 12.361271
60.564484 17.939949 11.372604
61.686699 17.578375 11.633596
61.657063 16.494162 11.389561
60.419506 15.803856 11.698473
61.501099 15.455632 12.196152
61.273678 14.386771 11.863835
60.072292 14.317915 11.651327
60.543449 13.024794 11.574240
59.475716 12.806209 11.309469
59.428665 11.649398 11.247666
60.592060 10.966960 11.469382
60.038929 11.082321 12.535368
59.773521 9.803125 12.059513
60.956726 9.101960 12.375353
59.677788 8.365034 12.017319
58.658604 7.362267 12.062822
59.728634 6.683012 12.322360
58.714306 7.546581 10.997994
58.709198 5.909777 11.759115
58.958336 4.592997 11.846020
57.696674 3.503240 11.834705
56.996487 4.737481 11.701292
56.400829 2.776417 11.542456
56.001263 1.669610 12.409585
54.928844 1.724938 11.286635
54.599277 0.712328 11.728885
55.690292 -0.143525 12.015979
54.370113 0.022357 10.704457
54.362312 -1.032387 10.921486
53.045395 -1.571060 10.876881
51.892262 -1.920336 10.756143
52.907639 -0.527257 10.504418
50.505386 -2.141451 10.293061
49.317020 -2.239375 10.126188
50.362053 -3.330199 9.797553
48.282845 -3.011384 10.489199
48.561291 -4.387560 10.217243
48.021324 -3.264273 9.424147
46.846786 -3.032857 9.593276
47.310955 -4.277289 9.719063
46.922535 -3.719247 8.493904
45.795189 -3.569842 7.786254
44.558071 -4.281078 7.644063
43.458004 -3.973124 7.171566
43.274097 -3.529738 6.081806
43.531036 -2.735343 7.147114
42.231476 -3.838890 5.815561
42.815239 -3.089309 4.809071
42.981766 -4.094840 3.823459
41.774532 -4.053767 4.480439
40.766224 -3.206888 3.664263
41.359310 -3.718571 2.616138
40.454327 -3.860583 1.518144
39.243217 -4.284855 1.576519
40.694946 -4.371519 0.505819
41.251602 -5.527244 -0.225686
40.586037 -4.357552 -1.100644
40.078392 -5.730105 -0.838894
39.744057 -5.386794 -1.889980
40.563332 -4.270792 -2.161232
40.824177 -6.091846 -2.505608
42.034245 -6.277177 -3.051357
40.994488 -5.085814 -3.506878
40.663605 -6.117180 -4.215290
40.066360 -5.790344 -5.267824
40.803085 -7.026759 -5.271545
40.744602 -6.537622 -6.343473
39.720516 -6.953859 -6.038322
40.787865 -5.393710 -6.975187
39.619301 -5.332582 -6.829569
39.508488 -6.473584 -7.295149
39.809174 -6.029353 -8.304451
39.405136 -7.937331 -8.123718
38.998981 -6.959266 -9.310339
39.301540 -7.609581 -10.558252
40.308414 -6.639169 -10.990557
39.644508 -7.745137 -11.623850
39.151089 -7.258862 -12.720678
40.273827 -6.940586 -13.431257
40.026062 -8.407447 -13.005718
38.912121 -8.378276 -13.864902
39.031136 -9.504674 -14.101061
38.487942 -9.317734 -15.155422
38.882790 -8.875341 -16.467787
37.931110 -10.279959 -17.033731
37.396492 -11.535888 -17.650385
36.332169 -11.316517 -18.201389
38.444733 -11.864605 -18.306366
38.018490 -12.812793 -19.598152
37.936977 -11.670066 -19.893833
37.426994 -12.677547 -20.868885
37.022751 -13.828910 -21.089813
36.507793 -13.520507 -22.375599
36.615704 -13.437504 -23.487915
36.221001 -14.709030 -23.580097
35.272270 -15.563523 -24.629810
35.386211 -16.757433 -24.396473
35.513542 -17.874901 -25.534126
35.396816 -16.808182 -26.132668
34.203739 -16.971743 -26.066387
34.804058 -17.601215 -27.233902
33.699547 -18.294237 -27.195198
33.693245 -19.324883 -27.714462
33.278049 -20.358486 -27.673462
32.909542 -21.120964 -28.771511
33.158894 -20.024212 -29.679470
31.726627 -21.051111 -29.559517
31.613075 -21.949276 -30.590565
31.851149 -23.035330 -30.700169
32.101032 -23.537642 -31.718159
30.838409 -23.525389 -31.297550
30.283039 -24.558842 -31.554131
29.243196 -24.660278 -32.100143
28.459167 -25.948957 -32.044823
27.358870 -26.702742 -33.048775
27.869995 -27.763344 -33.295979
27.289909 -28.507111 -34.363777
26.421949 -30.081633 -34.833275
26.189926 -31.177549 -34.655815
25.157566 -30.679052 -35.034924
24.734381 -31.766710 -35.028469
25.338682 -32.880192 -35.563633
24.765329 -32.570087 -36.729431
23.890547 -33.602551 -36.770790
22.785837 -33.993969 -37.731270
21.561749 -34.618416 -37.359863
21.296120 -35.632698 -37.350529
20.279158 -36.608597 -37.517162
19.191580 -37.207962 -37.245201
18.937632 -38.263138 -37.790440
18.928774 -38.492302 -38.893009
18.318840 -39.648670 -37.885025
17.200310 -40.499836 -38.885708
17.559357 -42.294662 -39.233871
16.099361 -42.261650 -39.253113
15.009658 -43.420166 -39.297714
13.665509 -44.272110 -39.068172
12.600779 -44.572041 -39.191864
10.986971 -44.988827 -39.795010
10.280071 -46.234066 -38.971184
10.158846 -47.256145 -39.405800
9.070268 -47.311989 -39.017170
7.974946 -47.717243 -39.080490
6.622606 -47.993217 -38.647057
6.530428 -48.764030 -39.796799
5.606827 -49.767605 -39.423058
4.589220 -50.956249 -38.545635
3.531912 -51.187691 -37.827438
2.234096 -51.256115 -37.211693
1.406882 -52.545750 -37.541977
1.340839 -52.591820 -36.376068
0.288919 -52.170582 -37.207550
-0.756044 -52.576389 -37.680058
-1.870367 -53.584526 -37.015736
-3.159320 -53.752304 -36.867958
-4.192027 -52.918415 -36.932381
-4.375473 -54.330399 -36.953476
-5.502716 -53.820465 -36.631145
-5.452240 -54.982140 -36.860664
-6.683706 -55.062431 -36.697533
-6.926907 -54.537746 -35.602436
-8.101830 -55.224449 -35.869934
-9.548893 -55.217506 -35.815403
-9.989467 -55.826733 -34.727013
-11.388526 -55.459759 -34.657478
-12.600465 -55.074924 -34.269032
-13.664571 -55.177853 -34.505165
-14.668315 -55.965267 -34.941948
-14.912447 -55.381504 -33.850506
-15.948024 -55.989037 -33.557796
-16.301105 -54.951576 -32.971882
-17.431946 -55.291321 -32.829350
-18.740509 -56.136589 -32.815849
-19.225643 -56.625244 -31.706791
-20.418615 -55.117920 -30.777424
-21.625414 -55.083004 -30.153217
-21.876459 -55.325489 -29.014072
-23.094072 -54.403828 -28.660683
-24.225540 -53.546024 -28.443111
-24.876335 -54.666714 -28.173321
-26.089884 -55.295650 -28.828758
-27.199572 -53.696346 -28.084122
-26.710890 -52.635586 -27.438271
-27.743979 -52.846081 -26.756302
-28.750828 -52.553856 -27.007572
-29.161646 -53.870365 -25.710777
-30.297840 -52.987652 -25.490082
-30.539721 -51.784363 -24.611183
-31.561953 -51.002964 -24.272686
-31.732018 -52.457546 -24.024982
-32.730438 -51.379261 -23.877125
-33.788425 -52.034576 -24.043182
-33.893658 -51.028969 -23.206764
-33.825344 -49.547966 -22.319408
-34.962936 -49.595554 -22.412823
-36.106476 -48.674061 -22.214622
-37.469967 -47.654507 -21.691849
-38.168774 -47.389011 -20.469173
-38.374344 -46.252575 -19.746872
-39.416733 -46.424980 -18.983475
-40.383522 -45.015747 -18.550663
-41.510151 -44.487617 -18.250851
-42.425747 -43.979660 -17.130960
-42.431080 -42.966595 -16.876711
-41.293304 -42.576870 -17.025288
-42.355602 -41.888176 -17.228329
-43.607079 -42.400700 -16.399616
-43.452114 -41.064293 -15.941263
-43.425598 -40.044273 -15.462782
-44.380131 -38.957203 -15.837849
-44.574272 -39.738518 -14.554913
-45.790714 -38.596218 -14.248470
-45.506420 -38.048058 -13.216665
-46.569614 -37.416649 -13.248760
-45.639744 -36.289795 -12.466578
-46.307358 -34.991077 -12.551537
-47.428463 -34.099407 -12.358429
-48.432785 -33.416725 -11.698149
-47.827557 -34.053955 -10.695669
-47.942711 -33.042049 -10.311131
-48.923389 -31.951990 -10.262781
-48.362064 -31.441540 -9.209095
-48.945324 -30.078424 -9.387171
-48.881088 -28.827333 -9.283936
-49.220474 -27.781103 -9.207558
-49.039635 -26.426554 -8.963726
-49.369160 -26.839523 -7.921238
-49.478149 -25.797409 -7.654268
-50.179852 -24.751646 -7.033888
-50.253162 -23.453274 -6.872499
-50.028358 -22.431602 -6.720705
-49.496025 -21.309786 -6.660383
-50.566555 -21.134802 -6.299438
-49.332352 -20.282080 -5.969784
-50.780701 -20.056381 -6.048630
-50.469082 -19.000780 -5.022068
-51.194817 -17.878145 -4.538267
-50.582607 -16.834848 -4.902222
-50.249012 -16.832623 -3.788719
-51.107861 -15.595641 -2.881227
-51.049278 -14.320315 -2.322142
-52.062992 -13.899947 -2.538168
-49.911381 -15.051418 -3.326574
-49.175827 -15.211593 -4.451279
-48.531113 -14.839787 -5.746502
-47.492455 -14.970986 -5.700516
-46.817532 -16.159986 -6.495323
-45.622452 -16.158482 -7.417469
-44.410801 -16.781441 -7.842529
-43.319679 -16.950550 -8.553806
-41.983646 -16.841925 -9.295113
-41.217743 -16.676640 -10.377991
-39.414925 -15.600726 -11.246241
-39.695698 -14.427333 -11.802034
-38.645737 -13.774661 -11.938713
-36.893337 -13.138120 -12.313360
-35.365356 -13.302794 -12.411366
-35.231739 -12.143175 -12.512163
-33.983608 -11.176041 -12.877319
-33.222889 -10.002325 -13.592470
-32.124329 -8.829888 -13.648540
-30.601061 -9.110029 -14.071699
-29.145964 -8.986391 -14.532907
-27.478378 -8.691269 -14.580019
-26.454437 -7.897610 -14.913357
-25.539238 -6.612092 -15.044006
-24.538795 -5.845130 -15.449043
-23.122288 -5.162707 -15.429043
-22.280525 -4.127377 -15.539421
-21.256676 -4.175955 -15.337753
-19.917080 -4.273431 -15.480995
-19.440781 -3.228123 -15.531925
-18.971474 -1.938872 -15.743078
-17.704981 -0.580653 -15.546467
-16.575848 0.853633 -15.975677
-15.675505 2.172220 -15.720730
-14.356931 2.380790 -15.143684
-13.162344 3.033189 -15.108728
-13.177439 4.228302 -15.086357
-12.017649 4.604386 -15.072041
-10.885567 5.233868 -15.559002
-9.750103 5.247843 -15.271210
-9.353523 6.422137 -15.474852
-9.353765 7.569367 -14.704132
-8.484950 8.726036 -13.796919
-7.329756 9.348391 -13.570032
-6.201692 10.330772 -13.954483
-4.997701 10.021921 -13.438076
-3.774307 10.593560 -13.411951
-3.547708 12.047923 -12.835632
-2.447505 11.471908 -12.630165
-1.104568 10.943716 -12.128065
0.319308 10.957408 -12.318388
1.514640 10.466166 -12.087788
2.786510 10.428775 -12.434692
4.040208 10.221132 -11.969332
5.041150 9.819493 -12.186617
5.670769 10.850319 -12.177292
5.788101 12.000998 -11.380707
7.088198 12.406892 -11.648203
8.358885 12.560200 -11.383244
8.663481 13.747513 -10.857082
9.817361 13.845050 -10.482805
11.100552 13.786520 -9.381691
12.311665 13.709868 -9.367859
12.980073 14.856031 -9.555302
14.142637 13.661484 -8.887888
15.213314 13.830392 -9.195330
16.225092 13.783958 -8.722805
17.570675 14.811165 -8.362350
18.282784 16.111462 -7.453571
19.421591 16.097488 -7.706430
20.310534 17.259304 -7.308836
19.909000 17.251362 -6.300470
21.648952 17.854687 -6.709116
21.578327 19.080332 -5.632549
22.693785 19.779400 -5.063679
23.126060 20.869940 -4.603241
23.075306 22.321648 -4.422123
24.172367 22.294706 -3.457443
25.397713 22.563030 -3.235643
25.802847 23.737555 -3.124155
26.101225 24.861160 -2.525702
26.327030 23.787182 -1.993994
27.441286 23.657152 -1.871426
28.497522 22.976795 -1.628522
29.498104 22.148987 -1.488458
30.498014 23.389269 -1.123590
31.245058 22.379784 -1.125097
32.306763 22.100864 -0.468432
32.684925 20.708282 -0.507254
33.798328 20.215696 -0.479885
35.141273 20.626091 -0.201335
34.843311 19.608614 0.173597
35.944031 18.881506 0.088205
36.990547 18.230604 0.260330
36.591496 16.923805 -0.068072
37.686661 17.031096 0.202530
38.045189 15.871966 0.661545
38.150047 14.777164 0.816606
39.215984 15.188120 0.668383
40.232071 14.543983 0.747185
40.202717 13.440587 1.283648
39.474110 13.316936 0.227259
40.481030 12.346238 1.652583
39.345116 12.299791 1.024588
40.154194 11.182597 1.424777
41.291222 10.661387 1.093496
41.071564 9.468684 0.826436
40.778244 8.296968 0.841732
40.159325 7.290441 1.174299
40.936619 6.261577 1.898304
41.803001 7.997677 0.746751
41.032600 6.282903 0.886663
42.122578 6.342938 2.062699
42.400211 5.314725 2.103185
42.768280 4.240002 2.460246
41.943520 3.233501 2.328266
43.964355 3.576492 2.696785
43.598240 2.532401 3.107486
43.296551 1.527596 3.312955
43.467297 0.415276 3.656379
43.273525 0.321530 2.575518
44.469299 0.586583 3.562938
44.442101 -0.857439 3.652399
43.242897 -0.639966 3.738988
42.110855 0.378045 3.015140
43.044159 1.366635 1.871795
41.936626 2.004347 1.593716
40.736134 2.334694 0.929252
39.901291 3.665842 0.435781
38.528069 3.600397 -0.432294
37.879433 4.780379 -0.988043
37.815678 2.921243 -1.507154
36.725613 2.612326 -1.100850
38.007915 1.731260 -1.237828
39.081799 1.225787 -0.052368
38.930298 0.133711 -0.170219
38.683098 -1.135954 0.674941
39.104683 -2.327830 1.216755
40.326813 -2.692388 1.378621
38.969814 -5.331920 1.386083
38.056747 -6.577739 1.704628
37.924187 -7.754513 1.875754
37.137672 -8.866879 1.745316
36.098434 -9.344962 1.957432
35.505707 -10.980739 1.729774
35.394562 -12.039065 1.726565
34.661114 -13.236902 1.889794
33.758583 -14.349107 1.994261
32.895695 -15.702793 2.581017
32.672024 -17.093641 3.180831
31.204580 -18.300280 3.166491
30.141392 -19.695654 3.605661
29.739820 -20.815435 3.836604
28.646452 -21.786909 4.373221
27.158758 -23.347685 5.179697
25.838535 -24.103107 5.450361
25.469820 -25.139637 5.355191
24.689890 -26.417810 5.911559
23.486540 -27.371222 5.629794
22.362177 -26.505375 6.124299
21.252769 -27.506384 5.944656
20.169018 -28.590811 6.736957
18.636383 -29.229855 6.915570
17.616665 -29.395472 6.870240
16.266556 -29.356049 6.670121
14.622851 -30.108393 7.038171
12.859005 -31.072124 7.021211
11.272566 -31.422676 7.014805
9.824115 -31.387838 7.010706
7.900908 -31.019953 7.008082
5.933733 -31.216492 7.006403
4.501489 -31.471870 6.729703
3.368289 -31.030535 6.332116
1.603529 -30.186495 6.215472
0.591054 -29.790396 6.235248
-1.085187 -29.689508 6.251070
-2.426180 -29.608799 6.263727
-3.498975 -29.328238 6.136040
-5.043797 -28.708241 5.952171
-6.249048 -28.138645 5.972307
-7.843355 -27.126123 5.819819
-9.166906 -26.607706 6.052978
-10.706984 -26.794302 6.091949
-11.952512 -26.913725 5.951515
-13.343008 -26.239752 6.128581
-14.852335 -25.003660 6.443522
-15.849906 -23.715286 6.441126
-17.106445 -23.215206 6.285238
-18.646950 -22.851957 6.433533
-20.022690 -22.446682 6.638691
-21.101799 -21.962284 6.794601
-22.156864 -21.877291 6.621713
-23.072191 -20.749508 7.282060
-24.320473 -20.949657 7.570545
-25.192812 -19.919559 7.293650
-25.006748 -18.684570 7.529119
-24.854090 -17.458401 7.261321
-25.864210 -16.574051 6.981164
-26.720324 -15.568308 6.992045
-27.912344 -15.114787 6.989632
-29.189512 -13.874411 6.660097
-30.120966 -13.020415 7.676438
-30.202669 -11.521670 7.679647
-30.268034 -10.322674 7.682214
-31.084501 -9.276488 7.165208
-31.396120 -8.232428 7.140247
-31.835615 -6.840586 6.861013
-32.506279 -5.672380 6.930506
-31.680712 -4.001307 6.979526
-32.522346 -2.563306 6.988127
-33.701984 -1.541260 6.660892
-33.857719 -0.505754 6.120034
-34.555611 0.771996 5.827939
-34.453316 2.164980 5.232923
-33.820370 3.283860 5.126113
-33.790398 4.307191 5.122630
-34.096184 5.521513 5.031667
-34.472904 6.588312 5.373518
-33.394142 6.754449 5.062042
-34.362103 6.122019 6.445907
-35.560795 5.617928 7.331066
-34.529160 4.327382 7.461175
-34.429745 3.069911 7.139843
-35.558331 2.952725 7.321330
-35.217930 1.760920 7.563088
-34.198181 0.989380 7.930998
-34.047787 -0.362993 8.320589
-35.312542 0.765806 8.624260
-35.133190 1.855908 9.047481
-35.267517 3.218232 8.322960
-36.046886 4.452940 8.601393
-35.985916 5.479667 8.471594
-34.804142 5.560113 8.977744
-36.332603 5.760915 9.658365
-37.362019 5.974046 9.694834
-37.894051 6.164043 10.747226
-38.315678 6.263923 11.885912
-39.211826 7.884763 12.192005
-40.366718 8.876976 11.820971
-39.922699 10.465990 12.548787
-39.704483 10.135066 13.846951
-40.823124 10.829474 13.809295
-41.053253 12.068756 14.719116
-41.808567 13.448451 15.993892
-40.903099 13.333764 17.195076
-41.965237 13.616294 18.213634
-42.197197 12.983372 19.628162
-43.064445 13.317936 20.788692
-42.839851 11.976903 21.779493
-42.713261 11.455794 23.156803
-43.203896 11.479769 24.353039
-42.051754 11.725315 24.469387
-43.310425 12.767932 25.548508
-43.869759 13.865557 26.388109
-44.229153 15.193171 26.928055
-43.032833 16.489988 27.210464
-43.961761 17.658783 27.078075
-42.931164 18.622152 27.647747
-42.625069 18.399860 28.708105
-44.011448 18.663443 29.069733
-43.723297 19.684288 29.714985
-44.372017 19.974840 28.623333
-42.599400 19.898731 29.141640
-43.162918 20.917276 29.274988
-42.276562 22.170204 28.899469
-43.325096 23.172234 28.885773
-42.782684 22.825737 29.919687
-41.144855 22.617859 29.803864
-43.054348 24.153193 29.945021
-41.962078 23.993597 30.138529
-40.796581 24.637207 30.087465
-41.333824 25.684553 31.206951
-42.386147 26.408785 30.931604
-40.838234 26.801048 31.675993
-40.316330 27.797421 32.739517
-40.925068 28.798122 32.765465
-39.778542 28.879129 33.777481
-38.656250 27.867205 34.420460
-39.756832 27.736719 35.298843
-40.635288 28.954865 35.108009
-38.995712 29.891870 34.691864
-38.330151 30.937019 34.834305
-37.313297 31.886152 35.308750
-37.536583 31.946609 34.285423
-37.658127 33.192860 34.511665
-37.765560 34.237259 33.765793
-37.144768 35.251144 34.067848
-38.343807 35.654987 34.346260
-37.024986 36.396950 34.041477
-36.727993 37.432636 33.867622
-35.708130 38.423038 34.581314
-36.850811 38.681026 34.047775
-35.815914 38.690319 33.229179
-36.845402 39.056427 32.717049
-36.738472 40.116627 31.691269
-37.430576 40.932953 30.672470
-37.831268 39.894119 30.530228
-36.761894 39.871731 29.998575
-36.547935 38.746292 29.085272
-36.720192 39.137115 28.081554
-37.654091 40.451286 27.345146
-37.922821 40.633373 25.986643
-37.272888 40.855221 24.921207
-38.363621 41.507427 24.980389
-36.089794 42.066799 24.461010
-36.719513 43.485516 24.499062
-36.996014 44.516499 24.350119
-35.368496 44.608589 24.573856
-35.068748 45.614113 24.777657
-34.908054 46.583473 23.724133
-34.891037 47.652004 23.658176
-34.965988 48.834118 23.044628
-35.056034 49.016197 21.853315
-33.771305 49.721100 21.787970
-33.279022 50.459549 20.680656
-32.167271 50.687588 20.553551
-33.348228 51.504757 20.858013
-32.892166 52.697842 21.354218
-31.877781 53.270580 21.252678
-31.234850 54.289429 21.575991
-30.098032 54.753651 22.308140
-30.165785 55.903419 21.538391
-29.101908 55.978996 21.996340
-29.501614 56.779690 20.492786
-30.003218 56.941563 19.014549
-29.785505 57.352859 17.954956
-29.934656 56.647671 16.690393
-28.967264 55.595741 15.488830
-28.360937 56.335373 14.374311
-27.946606 55.329525 13.832773
-29.053429 55.069851 13.764071
-28.404274 55.281704 12.696657
-28.817644 55.191399 11.471059
-27.539345 54.547287 10.834351
-27.188597 53.694103 9.736982
-27.354044 53.161224 8.671028
-27.101835 52.453785 7.581610
-26.660851 52.869152 6.378864
-25.785372 53.142300 5.261421
-24.791384 52.582333 4.093940
-24.343355 52.457012 3.033396
-23.975109 51.661243 1.944405
-22.695080 51.020535 1.138778
-22.206110 50.790905 0.126213
-22.005827 49.670444 0.366352
-22.313608 49.102642 -0.845057
-21.002527 48.966305 -1.072641
-22.748320 48.020348 -1.356781
-21.135437 51.270199 -0.513241
-19.722630 51.709778 -1.595651
-18.656849 51.089123 -2.352274
-17.450840 51.240620 -3.058901
-16.609474 51.845287 -4.198137
-16.078617 51.565891 -5.243809
-15.572685 52.943413 -4.665104
-17.171610 53.923340 -4.014805
-17.031013 52.858681 -3.950348
-17.484636 54.927620 -3.080103
-17.370895 56.243855 -2.618956
-16.189524 57.004871 -1.978537
-15.668283 58.542885 -1.889581
-15.647501 59.582699 -1.692414
-15.460950 60.680168 -1.786727
-14.865111 61.728142 -1.571463
-14.007334 62.830826 -1.213194
-13.155165 63.882133 -1.397339
-11.871078 65.182991 -1.757382
-11.239264 66.435959 -1.943156
-9.830968 67.125656 -1.416000
-8.626067 68.026527 -1.128596
-9.387592 69.663574 -0.699199
-9.756817 70.711639 -0.251835
-8.592882 71.022255 -0.148685
-7.478725 71.345360 -0.521356
-6.711437 72.611214 -0.338790
-5.691592 73.271172 -0.857429
-5.419822 74.459259 -0.839168
-4.279246 73.913788 -1.460149
-3.204267 74.085533 -1.638078
-1.838535 74.234535 -2.327154
-0.549241 74.133896 -3.161625
-0.211261 74.053665 -4.270226
0.267859 74.529198 -5.277662
0.234995 73.421127 -5.349716
-1.057066 73.496010 -5.289928
-2.755748 73.386719 -5.444046
-2.924572 72.376732 -5.750500
-1.877243 72.029106 -6.907825
-3.226320 70.545425 -6.195965
-2.908495 72.623810 -6.781818
-3.953875 72.473885 -6.607815
-1.382201 74.952194 -4.795807
-0.282745 75.634552 -4.781681
1.025976 76.392708 -5.358904
2.863632 77.445053 -5.860376
4.095894 78.505478 -6.218224
5.164949 78.882111 -6.579514
6.348372 78.820419 -7.147034
7.418839 79.230469 -7.348818
8.527183 79.604942 -7.915014
9.798660 79.306808 -8.457058
10.873215 79.481010 -8.596725
12.359859 79.848137 -9.467592
13.421955 79.784256 -10.097902
13.971758 80.175369 -11.135241
14.838560 78.959518 -12.283251
16.165947 78.406128 -13.097046
17.330494 77.522217 -13.688629
18.422308 77.215706 -14.177494
20.001408 76.406708 -15.302492
20.845037 76.727577 -16.434458
22.230886 76.663933 -17.175135
21.948376 75.456841 -17.649168
22.157387 75.073090 -18.944801
23.300266 73.997147 -19.870384
24.509129 73.135239 -20.790791
24.616856 71.680214 -22.046432
24.471596 70.496109 -22.889114
24.190611 69.234604 -23.273510
24.761871 67.980553 -24.280819
24.729052 66.892593 -25.292526
25.020573 65.691643 -26.434933
25.641138 64.416069 -26.770283
25.690208 62.952744 -26.766815
26.261194 61.035255 -27.375694
26.909992 59.838654 -28.311901
27.743233 58.822247 -29.032246
28.230583 57.736797 -29.356956
28.516903 56.734070 -29.662598
30.259417 56.869904 -30.354332
29.874033 55.501713 -31.092266
29.484184 53.780659 -31.194111
29.752338 51.783020 -31.444752
30.040186 50.688759 -31.472618
29.675049 49.501812 -31.512745
29.550476 47.850208 -32.349438
29.361635 46.691574 -32.873222
29.673906 45.345264 -33.649445
29.787134 43.706051 -34.008415
29.946226 42.311367 -33.990093
29.841202 40.726543 -34.462578
29.782593 39.329201 -35.056316
29.077059 37.911831 -34.660751
29.145273 36.659119 -34.435150
29.080002 35.007332 -34.516983
28.525190 33.923119 -34.518974
28.432903 32.840824 -35.329094
28.243927 34.282860 -35.623730
27.040281 34.355682 -35.669956
26.308073 33.270924 -36.296024
25.250784 32.911366 -36.060539
24.110786 32.655025 -36.193043
24.320963 30.962040 -37.262505
23.902267 30.460310 -36.102837
22.000439 30.736376 -35.574520
21.703953 29.265427 -35.892822
21.221323 28.015116 -35.581989
20.912439 26.437344 -35.631119
19.466351 25.906593 -36.070641
19.145250 24.864582 -35.465809
19.323874 23.643427 -35.556763
18.774282 22.584007 -35.387604
18.956516 21.017496 -34.514465
18.993338 19.537502 -34.765751
17.979559 18.545902 -34.783592
17.029156 17.226637 -34.567280
17.060001 16.033625 -34.237518
16.991472 14.782627 -33.951431
17.487041 13.510463 -33.437958
16.135954 12.514478 -32.709667
15.340244 11.183760 -32.160385
15.026211 10.006250 -31.952915
14.598806 8.750463 -31.524864
13.555490 8.664933 -31.298119
14.019048 7.631721 -30.825783
13.554718 6.480655 -30.187050
12.497458 5.657103 -29.697731
11.247423 5.181492 -28.618561
11.347350 3.956097 -28.384422
11.242586 2.628877 -28.016483
12.020952 1.322111 -28.151566
12.585895 0.020252 -27.503845
13.679723 -1.136199 -28.211662
14.699798 -1.939200 -28.405922
15.739735 -3.024636 -28.027489
15.823971 -4.956677 -27.479614
16.115431 -6.112253 -26.862473
16.691782 -7.327006 -26.164314
18.206285 -8.305995 -25.606400
18.592999 -10.026962 -24.781616
18.840494 -11.128381 -24.253757
19.778524 -12.610865 -23.915928
20.930162 -14.544983 -23.148762
22.285364 -15.963854 -22.712605
23.461079 -17.194805 -21.838085
24.579176 -17.817335 -20.586838
25.068640 -19.102797 -20.022045
25.713625 -20.263212 -19.223125
25.883368 -21.504171 -18.778084
27.134329 -22.127073 -18.318851
26.645847 -23.149120 -17.636961
27.801559 -23.833073 -16.762489
29.021963 -24.240961 -16.640888
30.193748 -24.809046 -16.334652
31.332596 -25.254372 -15.870947
31.671642 -26.316954 -15.078051
32.668266 -27.385798 -14.818659
33.695923 -27.681070 -14.652649
35.133259 -27.870043 -14.298340
36.832787 -28.768564 -14.319643
37.587494 -28.965174 -13.280298
38.721264 -29.906933 -13.226612
40.125309 -30.072170 -13.220301
41.475986 -30.029612 -13.878487
42.980381 -30.212622 -14.023495
44.096882 -30.365194 -13.850237
45.298225 -30.754248 -13.784796
46.375069 -30.460590 -13.899340
48.142281 -30.253717 -13.926474
49.663116 -30.078121 -13.833588
51.459396 -30.008936 -13.360704
53.561901 -30.137453 -13.002934
55.687141 -30.003714 -12.856647
57.826923 -29.961313 -12.652775
59.542892 -29.890984 -12.660109
61.940506 -29.673174 -12.499428
63.370495 -29.595732 -12.319796
65.039864 -28.706638 -12.061127
66.066544 -28.606510 -11.969156
67.761536 -27.814344 -11.974529
69.669273 -26.356989 -11.950405
71.626556 -25.294683 -12.375967
72.779816 -24.218521 -13.839090
74.180367 -23.710072 -14.521851
75.733269 -23.389919 -15.251995
77.023460 -23.093369 -15.949797
78.297745 -22.287952 -16.854078
79.271103 -21.696932 -18.187881
80.283875 -21.318678 -19.041515
80.932053 -21.076595 -20.083965
81.806236 -19.812527 -21.186798
82.931992 -19.461506 -22.241726
83.713791 -19.262074 -23.349972
84.296654 -18.982794 -24.825874
84.279861 -18.804054 -26.514645
83.092789 -19.254061 -27.562828
81.560303 -18.977665 -28.514355
81.287621 -19.480892 -29.951740
81.401192 -19.900412 -31.200882
80.780876 -20.384901 -32.468899
79.690865 -20.651773 -33.804115
78.560127 -20.865770 -35.127216
77.489952 -20.959528 -36.773312
76.805038 -20.846739 -38.653690
75.283875 -20.558563 -40.353256
74.261749 -20.360102 -41.080048
73.569542 -20.074318 -42.622749
72.890289 -19.324726 -43.722515
71.262466 -18.677301 -45.581806
68.834648 -18.392544 -47.130066
67.586426 -18.195301 -47.741806
66.371277 -18.253500 -48.369011
64.404900 -18.337305 -49.823441
62.106895 -18.174946 -51.470901
60.904831 -18.021223 -52.179161
59.726608 -17.466257 -53.021393
57.380276 -16.667105 -54.234215
56.257271 -16.382963 -54.665436
55.142303 -15.507669 -54.734795
53.103619 -14.031252 -55.248100
51.019218 -13.129543 -56.182991
48.472450 -12.293258 -57.415260
47.181923 -11.803918 -58.037148
45.716370 -10.764465 -58.396851
44.543930 -9.932904 -58.684608
43.605976 -8.619674 -58.777000
42.855614 -7.569091 -58.850914
41.389065 -6.728623 -59.047859
40.215828 -6.056251 -59.205414
38.627541 -5.302358 -59.193649
37.356911 -4.699244 -59.184235
36.340405 -3.352779 -59.038895
35.527206 -2.275608 -58.922623
33.966377 -0.724481 -59.251312
33.411411 0.475011 -59.368179
32.395702 2.418272 -59.398651
31.355831 4.698729 -59.721344
30.889849 5.893547 -60.019829
30.998466 7.614083 -59.457397
30.603956 8.657816 -59.395233
30.902122 10.160790 -59.305717
31.785957 11.338690 -58.834991
32.568176 12.697326 -58.892036
33.675179 14.560421 -59.479805
35.379856 15.623209 -59.580345
37.640308 16.432989 -59.562004
38.732773 17.008902 -59.616730
40.305927 16.283062 -58.951355
41.312744 16.596102 -58.773582
42.536987 16.275417 -58.572556
44.949589 14.949660 -58.420891
46.096157 14.094291 -58.428215
47.747215 14.417713 -58.438766
48.983948 13.884727 -58.442520
50.981422 12.685238 -58.723541
52.649616 11.139991 -58.848274
54.107079 8.941469 -58.569794
54.721539 7.775785 -58.409523
55.646236 6.627244 -58.694748
57.194370 4.757350 -58.829849
58.141861 2.739844 -58.971436
58.382492 1.734517 -59.144279
59.118824 0.286847 -58.400917
59.380627 -1.523840 -58.274422
59.590073 -2.972390 -58.173225
59.974197 -4.563217 -57.678833
60.281494 -5.835879 -57.283318
60.743893 -7.933975 -56.966911
61.113815 -9.612452 -56.713783
61.626320 -11.603213 -56.649094
62.036320 -13.195822 -56.597343
61.931194 -14.901896 -56.280319
61.847095 -16.266756 -56.026695
61.563248 -18.006624 -55.961609
61.336166 -19.398518 -55.909538
60.721378 -20.944021 -55.730072
60.229546 -22.180422 -55.586502
59.836075 -24.033518 -54.920395
59.521297 -25.515995 -54.387505
59.052914 -27.133959 -53.823387
58.678211 -28.428335 -53.372093
58.378441 -30.327806 -52.735428
58.138630 -31.847383 -52.226097
57.513653 -33.711029 -51.543007
57.013668 -35.201942 -50.996536
56.613674 -36.610664 -50.834984
56.293686 -37.737648 -50.705742
55.821129 -39.503208 -50.188911
55.443089 -40.915653 -49.775448
54.490952 -42.045609 -49.169052
52.686752 -44.968712 -47.882401
51.852753 -46.584015 -47.241177
50.968998 -47.228279 -46.176945
49.046684 -49.019993 -44.506641
48.074444 -50.041035 -43.851505
47.513210 -51.073864 -42.913960
46.488476 -52.777126 -41.563892
45.442829 -54.256008 -40.148598
43.950668 -56.023258 -38.526184
42.042801 -57.672684 -36.716091
40.475258 -58.296329 -34.427570
39.917912 -58.326080 -33.307625
38.335697 -59.146492 -31.694901
36.933258 -60.449127 -29.918571
36.035706 -61.282822 -28.533657
35.500008 -61.795235 -27.489994
34.295471 -62.101131 -25.987118
33.394630 -62.167309 -24.611839
32.558216 -62.382454 -23.263100
31.892971 -62.520149 -22.014030
31.423899 -62.608276 -20.856312
30.392286 -63.462303 -19.950539
29.023540 -63.831509 -19.846573
28.119722 -64.866913 -20.630123
27.343304 -64.196732 -21.855972
25.799528 -64.552063 -22.816204
25.572184 -65.572044 -22.999142
24.092520 -65.827568 -23.317017
22.634333 -66.684456 -23.259811
21.340841 -66.556854 -23.327061
20.335388 -67.592072 -23.073273
19.292177 -67.966591 -22.579510
18.248457 -67.649147 -22.100220
17.019562 -67.938026 -21.123081
15.870617 -67.521652 -20.015461
14.369449 -67.364395 -19.715038
12.633973 -67.227951 -17.618746
11.085235 -66.960426 -15.810768
9.964101 -66.616417 -13.992163
8.986698 -65.964264 -11.836004
8.446674 -65.540398 -10.824369
8.231220 -64.553314 -9.463812
8.058857 -63.763653 -8.375366
7.487838 -63.131924 -7.228985
6.882133 -61.142265 -5.026945
6.763023 -59.954845 -3.998997
6.234604 -59.004910 -2.763201
5.040552 -56.989021 -0.570218
4.423497 -55.984272 0.393259
4.146418 -54.532490 1.439666
3.924756 -53.371067 2.276792
3.530860 -51.793949 3.635554
3.215744 -50.532253 4.722565
2.530521 -49.090908 5.454360
1.982342 -47.937832 6.039796
1.543800 -46.151398 6.645958
1.192966 -44.722252 7.130888
0.695733 -43.362938 7.656643
0.297947 -42.275494 8.077248
-0.236848 -40.109570 8.964982
-0.664683 -38.376839 9.675169
-1.006951 -36.558662 10.381131
-1.280765 -35.104122 10.945901
-1.716382 -33.724495 11.259905
-2.064874 -32.620796 11.511107
-2.776799 -30.657869 11.712070
-3.346339 -29.087528 11.872839
-3.585407 -27.615261 11.725830
-3.776660 -26.437447 11.608223
-4.362794 -25.063210 11.514136
-4.831699 -23.963820 11.438868
-5.206823 -22.868315 11.378653
-6.396700 -20.858799 11.016318
-7.894540 -18.579140 10.288300
-8.523356 -17.480602 9.906948
-9.428854 -15.898711 9.109739
-10.788006 -14.108725 8.103401
-11.920955 -13.472284 7.194342
-13.985530 -12.123823 5.471859
-15.869929 -10.915220 3.625282
-18.332024 -10.141714 1.699286
-19.688690 -9.866689 0.830737
-20.774023 -9.214683 -0.415352
-22.336903 -8.707780 -2.485344
-23.770275 -8.512959 -4.857515
-24.472422 -8.347692 -6.068453
-25.250704 -8.647465 -8.001892
-25.873329 -8.887283 -9.548643
-26.154863 -8.647151 -11.061668
-26.380095 -8.455046 -12.272089
-27.036304 -8.080056 -16.928030
-27.301809 -8.001369 -18.067678
-27.514212 -8.370407 -19.668461
-27.684137 -8.665637 -20.949085
-28.036642 -9.117815 -22.249210
-28.318645 -9.479557 -23.289310
-28.544247 -9.552957 -24.397015
-28.652552 -9.658653 -26.405548
-28.765173 -9.726298 -28.435196
-28.577375 -10.633566 -30.478359
-27.677553 -11.473408 -32.667980
-27.165115 -11.580025 -33.691513
-26.427202 -12.511128 -34.917339
-25.175303 -13.107037 -36.197994
-24.730181 -13.750901 -37.204586
-23.439514 -14.678065 -38.929707
-22.093733 -15.487445 -40.529907
-20.149607 -17.258209 -42.050159
-18.977106 -18.367800 -42.713196
-18.688799 -19.471464 -43.381435
-17.840511 -21.492731 -44.205887
-16.517971 -22.915937 -44.761101
-15.541607 -24.085981 -45.364502
-15.739683 -25.396391 -45.723114
-15.953075 -27.055832 -45.704563
-16.609404 -29.284235 -45.720253
-17.227770 -30.364546 -45.787083
-17.505898 -31.660784 -45.151482
-17.728397 -32.697773 -44.643002
-18.772657 -33.959354 -43.684967
-19.608067 -34.968613 -42.918541
-20.709524 -36.208012 -42.305401
-22.512188 -38.208736 -40.871227
-24.272276 -40.093983 -39.236729
-26.178368 -41.214142 -37.556713
-28.177900 -42.017441 -34.910439
-29.081345 -42.495052 -33.418293
-30.020670 -42.877144 -31.948952
-30.772129 -43.182816 -30.773479
-31.589859 -42.563377 -29.281849
-32.244045 -42.067829 -28.088547
-32.767395 -41.671391 -26.444843
-33.186073 -41.354237 -25.129879
-33.737583 -41.316509 -23.664471
-34.178787 -41.286327 -22.492142
-34.964882 -40.614204 -21.278656
-36.096859 -39.430347 -19.255608
-36.604755 -38.283897 -16.637859
-36.689095 -37.780270 -15.217104
-36.973129 -36.945381 -13.667063
-37.200356 -36.277473 -12.427029
-37.165569 -35.095161 -10.883753
-37.137745 -34.149311 -9.649132
-37.115482 -33.176643 -8.247997
-37.097675 -32.398506 -7.127089
-36.650299 -31.128017 -5.954737
-36.292397 -30.111626 -5.016855
-35.572941 -28.866526 -3.715300
-34.997379 -27.870449 -2.674055
-34.536930 -26.641596 -1.427623
-33.657318 -24.224072 0.918489
-33.248318 -23.076515 1.997663
-32.704552 -21.510490 2.998814
-32.269543 -20.257671 3.799734
-31.055269 -18.391441 5.267345
-30.083853 -16.898458 6.441435
-27.905375 -14.748562 8.380186
-26.914240 -13.336174 9.482958
-26.121332 -12.206264 10.365174
-24.837313 -10.438363 11.208761
-23.810097 -9.024041 11.883630
-22.338627 -7.892584 12.699150
-21.161451 -6.987419 13.351566
-19.786581 -6.263286 14.424749
-18.686684 -5.683980 15.283296
-16.723944 -4.140568 16.107944
-15.153750 -2.905839 16.767664
-13.031334 -2.134048 17.433252
-11.333403 -1.516616 17.965723
-9.325362 -0.374690 18.391701
-7.718930 0.538850 18.732481
-5.784087 1.269682 18.867294
-4.236214 1.854348 18.975143
-2.997916 2.106087 19.337048
-0.565071 2.684586 19.996004
0.588694 2.986271 20.291550
2.377968 3.227619 20.803612
3.809386 3.420698 21.213261
5.387650 3.143175 21.816605
6.650262 2.921155 22.299278
7.876915 2.743540 22.409794
9.643299 2.487775 22.844563
10.990349 2.108090 23.343311
12.242277 1.044318 23.800325
13.649894 -0.802861 23.927439
14.897274 -2.935426 24.201729
16.128727 -5.509830 25.259275
16.759079 -6.809163 25.880291
17.263361 -7.848629 26.377106
17.989527 -10.209433 27.092516
18.247717 -11.432818 27.346884
18.454271 -13.707487 27.688190
18.619514 -15.527222 27.961237
18.102015 -17.414997 28.179672
17.688015 -18.925217 28.354424
17.140247 -21.213360 28.218597
16.702036 -23.043873 28.109936
16.568031 -25.804243 28.298634
16.460827 -28.012543 28.449589
15.725368 -30.427160 28.570354
15.137002 -32.358856 28.666969
14.666307 -34.984177 28.606445
14.289753 -37.084435 28.558029
13.771944 -39.196629 28.105856
13.357697 -40.886387 27.744118
13.026299 -42.886166 27.179104
12.761181 -44.485992 26.727093
11.682827 -47.061813 26.365482
10.820143 -49.122475 26.076195
9.913430 -50.986992 25.155701
9.188061 -52.478607 24.419308
8.607765 -54.103886 23.968006
8.143528 -55.404114 23.606964
7.555573 -56.660286 22.904692
7.085210 -57.665222 22.342875
5.626094 -58.901161 21.617796
4.458801 -59.889912 21.037733
3.308402 -61.328892 20.298058
2.388081 -62.480072 19.706318
1.218696 -63.401016 19.232925
-1.548046 -64.511185 18.413427
-3.013031 -64.809921 18.060801
-4.618152 -65.264893 17.640886
-5.902246 -65.628876 17.304955
-7.362653 -66.352051 16.898397
-8.530977 -66.930588 16.573153
-10.331897 -66.745445 15.623893
-11.772634 -66.597321 14.864485
-13.791481 -66.262833 14.394772
-15.406562 -65.995247 14.019001
-17.131756 -65.133194 13.304947
-18.511909 -64.443550 12.733704
-20.915426 -63.891830 12.138896
-22.838240 -63.450462 11.663051
-25.026184 -62.665379 11.282374
-26.776537 -62.037308 10.977833
-28.609949 -61.102871 10.320763
-30.076683 -60.355320 9.795106
-32.116325 -58.893303 9.098955
-33.748043 -57.723690 8.542036
-35.053417 -56.356007 7.820875
-36.097717 -55.261868 7.243946
-37.366283 -53.522583 6.093340
-38.381142 -52.131153 5.172856
-40.059284 -50.586025 3.885219
-41.401798 -49.349918 2.855108
-42.692379 -47.497059 1.755395
-43.724838 -46.014778 0.875625
-44.767372 -43.964973 0.171808
-45.601398 -42.325134 -0.391245
-46.052059 -40.365280 -1.255125
-46.412586 -38.797394 -1.946229
-46.701008 -36.895111 -2.499113
-46.931744 -35.373280 -2.941420
-46.899769 -33.507835 -3.846516
-46.874187 -32.015480 -4.570591
-47.070286 -30.173618 -5.425478
-47.227169 -28.700129 -6.109386
-47.352673 -26.873354 -7.345575
-47.453079 -25.411934 -8.334526
-47.533405 -24.242800 -9.125687
-47.432499 -21.695272 -10.540585
-47.300369 -20.405497 -11.166159
-47.889744 -18.937008 -12.563112
-47.487312 -17.219597 -13.209099
-46.826321 -16.256674 -14.717680
-47.969204 -16.541233 -15.638910
-46.423260 -16.120525 -13.262732
-46.276417 -16.377686 -12.241377
-46.498093 -16.747997 -10.908440
-46.986473 -16.553009 -9.889984
-47.515598 -16.730606 -8.190798
-47.819679 -16.809805 -5.571898
-48.259811 -17.145102 -4.434959
-48.677036 -16.979952 -2.522144
-48.554249 -15.923882 -0.526192
-48.735535 -14.686418 1.330030
-48.548370 -13.721643 3.317325
-48.193069 -13.378613 4.330169
-47.692265 -12.672202 5.553881
-46.971100 -11.006989 7.867277
-46.714687 -10.126923 8.934817
-45.859867 -9.638864 10.064475
-44.412354 -8.936057 11.966807
-42.879559 -8.486261 14.093863
-42.142067 -8.326333 15.156399
-41.335503 -7.766405 16.282053
-40.607185 -6.528121 17.902994
-40.271004 -5.606023 19.353834
-40.099159 -5.404668 20.613121
-39.795113 -5.853003 21.953686
-38.798389 -6.901894 22.525089
-39.608475 -8.172501 23.059435
-40.454777 -9.207149 22.736645
-40.953094 -10.214912 22.943495
-41.474632 -11.170603 21.595707
-41.822372 -12.637887 20.807608
-42.869030 -13.167821 20.322338
-43.927547 -13.786510 19.992653
-44.734936 -14.916848 19.781652
-45.590363 -16.131714 19.350536
-45.950371 -18.144722 20.188206
-46.072861 -19.606846 20.788807
-46.541065 -21.017792 21.421255
-46.580841 -23.087162 22.211895
-46.402481 -24.110929 22.615513
-44.976192 -25.196365 23.940908
-44.685631 -26.230280 24.412159
-43.617527 -27.719114 25.642014
-41.981056 -29.319946 26.870121
-40.154079 -30.430878 28.069546
-37.988617 -31.228270 29.305740
-36.929920 -31.703785 29.806526
-35.433266 -32.300186 31.034029
-34.235943 -32.777306 32.016029
-32.411827 -32.943012 32.939445
-30.952532 -33.075577 33.678177
-28.702272 -32.965637 34.406975
-26.902063 -32.877678 34.990013
-25.028767 -32.375328 35.732071
-23.530128 -31.973450 36.325714
-21.464958 -31.435951 37.076256
-19.812822 -31.005955 37.676689
-18.274548 -30.013977 38.432663
-17.043928 -29.220392 39.037437
-14.760041 -27.937548 39.521259
-12.932932 -26.911270 39.908318
-11.254680 -25.226276 40.631401
-9.912079 -23.878279 41.209866
-8.404867 -22.367895 41.534828
-7.199096 -21.159588 41.794796
-5.801352 -19.760956 42.140583
-4.683157 -18.642050 42.417213
-3.138903 -16.666958 42.225082
-1.903502 -15.086884 42.071373
-0.915181 -13.390840 41.948410
-0.124524 -12.034002 41.850037
0.941132 -10.084559 41.633522
1.793657 -8.525005 41.460316
2.042547 -6.413388 41.046124
2.241659 -4.724095 40.714767
2.617513 -2.724680 40.311874
2.918197 -1.125148 39.989555
3.375309 0.370471 39.869514
3.740998 1.566966 39.773483
3.600419 3.388136 39.421036
3.487957 4.845072 39.139072
3.614552 6.442607 38.775692
3.715827 7.720635 38.484985
3.363718 8.743058 37.563362
2.423551 10.863325 36.236221
1.896766 11.905190 35.764351
1.042209 13.170669 35.386848
0.358563 14.183051 35.084854
-0.621484 15.424943 34.567627
-2.032752 17.645256 33.685013
-3.152529 18.979860 32.458641
-4.259001 20.352388 31.094948
-5.790092 22.137980 29.836311
-7.506313 23.237562 28.810282
-9.211075 23.552504 27.877998
-10.865192 24.013260 27.060837
-12.313645 24.869728 26.537853
-13.630470 25.374668 25.927519
-15.296187 25.957024 25.454216
-16.882002 26.243330 24.985929
-17.896923 26.296970 24.327911
-18.979603 26.720087 23.934345
-20.235586 27.163679 23.517086
-21.429234 27.447580 23.167353
-22.699646 27.305086 23.013390
-24.348938 26.760498 21.962986
-25.585049 26.566868 21.451698
-27.148479 26.504040 20.164192
-28.625517 26.636623 18.899189
-30.523708 26.937466 17.676149
-31.868492 27.086811 16.424841
-32.772465 26.145618 15.238129
-33.524258 25.284069 13.706882
-34.005405 25.078260 11.734635
-33.880211 25.162540 9.342335
-33.643200 25.288504 8.185489
-33.691715 25.469889 6.519631
-33.925529 25.318392 5.513888
-33.829090 24.668240 3.514369
-33.204304 24.122549 1.104614
-32.885902 24.024523 -0.058437
-31.981487 23.730106 -1.540129
-31.257957 23.494576 -2.725483
-30.462570 22.874165 -3.811579
-29.317209 21.548784 -6.202431
-28.909971 20.885542 -7.420012
-29.492996 20.319265 -8.677202
-29.483732 19.253948 -9.399828
-29.253820 17.503901 -10.440409
-29.366556 16.427065 -11.382008
-30.323885 15.338299 -12.249733
-31.567348 14.436299 -12.512413
-32.983971 13.126743 -12.343401
-34.439259 11.984137 -12.434547
-34.720947 10.734485 -12.107004
-35.820042 9.650344 -11.523943
-37.423794 9.240858 -10.807594
-38.840015 8.978787 -9.604942
-40.136215 8.422273 -8.835247
-41.693871 9.304543 -7.357155
-42.958881 9.192341 -6.101225
-44.158302 9.163729 -4.718616
-44.666054 9.966192 -3.172247
-44.644508 10.998153 -1.741570
-45.496983 11.658607 -0.550312
-45.869308 12.945272 0.983844
-45.631161 14.459916 2.957953
-45.218864 15.645282 4.800196
-44.391933 16.792706 6.365106
-43.689442 17.915840 8.000586
-43.456413 19.023438 9.515856
-43.263962 20.337080 11.009315
-42.317844 21.955389 12.433692
-40.759441 22.904709 14.144606
-39.198997 23.382679 16.066465
-37.810493 24.293364 17.516956
-36.315468 25.437780 19.134333
-34.795586 26.558998 20.858517
-33.433041 27.665363 22.210056
-31.738068 28.546232 23.460915
-29.916958 29.541973 24.619778
-27.711941 30.524837 25.471703
-26.542927 30.874302 25.774609
-25.391155 30.937881 26.292557
-23.299469 31.893402 27.314030
-21.181154 32.980125 28.463898
-18.829233 33.502834 29.558125
-17.704241 33.688683 30.008432
-16.587681 34.053360 30.230867
-14.763273 35.010475 30.964611
-12.989271 35.968620 31.902771
-10.641146 36.581829 32.751255
-9.421250 36.799862 33.114189
-8.228769 36.326309 33.404533
-6.078467 35.860386 34.098259
-4.139204 35.518993 34.487114
-2.075129 34.695721 34.928925
-1.052482 34.211006 35.269760
0.415331 34.039227 35.680244
1.589580 33.901810 36.008629
2.745545 33.575878 36.546959
5.276396 33.106541 37.459972
6.561258 32.939663 37.845848
8.022279 32.374172 38.154549
9.191094 31.921782 38.401512
10.559278 31.127882 38.599083
11.653825 30.492764 38.757133
12.962591 29.984667 39.021393
14.226171 28.930208 39.370613
15.237035 28.086647 39.649986
16.909243 26.871914 40.190098
18.585838 25.014519 40.783829
19.374462 23.874125 41.056183
20.871624 22.529823 41.549694
22.069351 21.454382 41.944504
23.027534 19.946049 42.260345
23.794081 18.739382 42.513023
24.623882 17.342062 42.163918
25.287724 16.224207 41.884628
26.685057 14.249954 42.074638
27.802925 12.670553 42.226643
28.480652 11.191038 42.072624
29.022835 10.007426 41.949409
30.106276 8.196563 41.713020
30.973032 6.747872 41.523914
31.449867 4.292960 41.510441
31.831337 2.329030 41.499664
32.136513 0.541893 41.215416
32.380653 -0.887817 40.988014
33.009098 -2.031585 40.806095
33.697491 -4.758578 40.406319
33.846001 -6.208160 40.202927
33.964809 -7.799814 39.902401
34.059856 -9.073136 39.661980
34.569023 -10.091794 39.745270
34.869095 -12.422635 39.865204
34.783283 -13.635367 39.907845
34.498074 -15.253531 39.941959
34.269901 -16.548065 39.969254
33.654232 -17.583691 39.991085
33.594830 -18.628185 40.008553
33.509293 -20.132256 40.033707
32.674911 -21.872438 40.049805
31.945110 -22.923155 40.193336
30.244505 -24.652184 40.262215
28.636362 -26.579536 40.471672
27.174021 -28.331427 40.826225
25.675053 -30.316610 41.190956
25.045834 -31.406441 41.381882
23.360126 -32.587006 41.656822
22.327633 -33.006763 42.168018
20.407713 -34.043205 42.766327
18.615894 -34.620125 43.314621
17.079313 -34.859760 43.610397
15.056390 -35.185921 43.854824
13.952125 -35.301888 44.064232
12.635581 -35.394661 44.507378
11.582346 -35.468880 44.861900
10.090063 -35.744251 45.283329
8.896236 -35.964546 45.620472
7.291480 -35.492802 45.890186
6.007675 -35.115410 46.105957
4.547500 -35.677464 46.278576
3.379360 -36.127110 46.416668
1.795153 -35.838848 46.802769
0.527788 -35.608234 47.111649
-0.486105 -36.071728 47.358753
-2.812372 -35.875183 47.714584
-4.024492 -35.421310 47.841103
-5.427319 -34.842220 47.942318
-6.549582 -34.378948 48.023289
-8.313652 -33.792336 48.088066
-9.724907 -33.323051 48.139889
-11.936736 -32.731628 48.043533
-13.706200 -32.258488 47.966450
-15.338336 -31.663980 48.042595
-16.644045 -31.188379 48.103512
-17.905176 -30.591904 47.600994
-18.914082 -30.114721 47.198978
-20.804031 -29.948969 46.739555
-22.315990 -29.816368 46.372017
-24.175255 -29.278299 46.215797
-25.662666 -28.847845 46.090820
-27.502287 -27.855501 45.715218
-28.973988 -27.061625 45.414734
-30.151346 -26.426525 45.036530
-32.713001 -25.295988 44.354111
-34.008823 -24.798021 44.050224
-35.262039 -23.751671 43.531487
-36.264618 -22.914589 43.116501
-37.499809 -22.028929 42.646698
-39.711613 -20.537586 41.556740
-41.906796 -18.978346 40.114983
-44.091347 -17.418850 38.723694
-46.269096 -15.815989 37.447395
-48.009357 -14.012583 35.721001
-49.556263 -11.864835 34.064857
-50.298771 -10.813199 33.476009
-51.109344 -9.323910 32.453678
-51.757801 -8.132479 31.635815
-52.493134 -6.963341 30.430273
-53.768581 -4.847795 28.143044
-54.318325 -3.903608 27.084805
-54.758118 -2.716270 25.686966
-55.109951 -1.766401 24.568693
-55.391422 -1.006505 23.122826
-55.616596 -0.398588 21.966131
-55.363609 0.519732 20.351713
-55.161213 1.254388 19.060181
-54.566166 2.490093 17.062265
-54.090130 3.478658 15.463933
-54.358997 4.485502 13.771830
-54.574093 5.290978 12.418147
-53.879910 6.151351 11.059576
-53.324562 6.839650 9.972719
-52.014023 7.606283 8.276360
-50.965588 8.219588 6.919271
-49.260586 8.710235 5.420163
-47.896584 9.102751 4.220877
-46.805378 9.632757 2.434572
-45.932419 10.056762 1.005528
-44.584351 10.179973 -0.137707
-43.505898 10.278542 -1.052295
-42.426567 10.573389 -2.473028
-41.563107 10.809267 -3.609613
-39.789513 10.997971 -5.070131
-38.370640 11.148932 -6.238546
-36.152714 11.053708 -7.448904
-34.378372 10.977530 -8.417191
-32.092640 11.132579 -9.054007
-30.264055 11.256619 -9.563459
-27.934923 10.707872 -10.522272
-26.071617 10.268875 -11.289322
-23.498150 9.701683 -11.902962
-21.439375 9.247930 -12.393873
-18.926096 8.884927 -13.200041
-16.915472 8.594523 -13.844975
-14.440712 7.930215 -14.085297
-12.460904 7.398767 -14.277554
-6.361368 5.186378 -14.790653
-4.698040 4.339725 -14.979652
-2.501115 3.446410 -14.993038
-0.743577 2.731756 -15.003748
1.312151 1.728047 -15.012316
2.956733 0.925080 -15.019169
4.055833 -0.365274 -15.024652
4.935113 -1.397557 -15.029039
6.504797 -2.871364 -14.756924
7.760545 -4.050409 -14.539230
8.765142 -5.209639 -14.227264
10.861459 -7.310916 -13.640221
11.895569 -8.250031 -13.370243
12.506293 -9.649303 -13.154261
12.994871 -10.768722 -12.981476
14.035429 -12.096242 -12.567621
14.867875 -13.158258 -12.236538
15.100703 -14.655853 -11.558235
15.286964 -15.853928 -11.015593
15.219407 -17.244373 -10.994915
15.165364 -18.356731 -10.978373
14.688998 -19.894598 -10.689514
14.307905 -21.124891 -10.458427
12.385899 -22.904360 -10.343609
10.753213 -24.467358 -10.162430
9.101913 -26.677242 -10.211849
8.322282 -27.846968 -10.351921
7.048881 -28.782747 -10.463978
6.030160 -29.531368 -10.553623
4.348923 -30.346264 -10.625340
3.003934 -30.998177 -10.682713
1.711377 -31.303715 -10.452988
0.677333 -31.548141 -10.269207
-1.665859 -32.175674 -9.846558
-3.540411 -32.677700 -9.508438
-5.256618 -33.727299 -9.513567
-6.629585 -34.566978 -9.517670
-8.377653 -35.238724 -9.245327
-9.776109 -35.776119 -9.027452
-11.328004 -35.990040 -8.577528
-12.569519 -36.161179 -8.217588
-14.212428 -36.298092 -7.654013
-15.526753 -36.407616 -7.203152
-17.011343 -36.711235 -6.566837
-18.199017 -36.954124 -6.057787
-20.015415 -37.148438 -5.512733
-21.468536 -37.303886 -5.076691
-22.847593 -37.644245 -4.314419
-23.950840 -37.916531 -3.704601
-25.149702 -38.308613 -2.578403
-26.696604 -38.948341 -1.361510
-28.466257 -39.357765 -0.086575
-29.745165 -39.719330 0.780174
-30.768288 -40.008587 1.473573
-32.019917 -40.023994 2.166104
-33.021217 -40.036324 2.720130
-33.683460 -38.887711 3.021801
-34.786415 -39.472298 4.231668
-31.400248 -38.939541 1.875439
-31.226532 -37.528973 0.855405
-29.806143 -36.505432 -0.404186
-28.117460 -35.072784 -1.954512
-26.646887 -33.767105 -3.442846
-26.095537 -33.320259 -4.643442
-25.249805 -31.865417 -5.345945
-24.573221 -30.701548 -5.907948
-23.382259 -29.986443 -6.357550
-21.450708 -27.876728 -7.280602
-20.667683 -26.646620 -7.731298
-19.608133 -25.446539 -8.229668
-17.432682 -23.070448 -9.360756
-16.370438 -21.937622 -9.946671
-15.304075 -20.815371 -10.553215
-13.985077 -18.767340 -11.702265
-11.798217 -16.895018 -12.658157
-10.346909 -16.133307 -12.998030
-9.402426 -14.659963 -13.269928
-8.646839 -13.481289 -13.487446
-8.042373 -12.106362 -13.799274
-7.558798 -11.006421 -14.048737
-5.872546 -9.910475 -13.834869
-4.523547 -9.033718 -13.663774
-3.444345 -7.684332 -13.940336
-2.580985 -6.604824 -14.161587
-1.240602 -5.525223 -14.062962
-0.168296 -4.661543 -13.984060
0.906115 -3.970598 -13.920940
2.669830 -2.111665 -13.692234
3.393181 -1.066723 -13.549667
4.434805 0.437993 -13.344370
5.491261 2.178589 -13.212980
6.947029 3.292570 -12.632765
8.268536 4.394306 -12.757553
8.724484 5.488205 -12.837418
9.842348 6.636361 -12.266356
10.901175 7.311909 -11.530800
11.412623 8.425007 -10.754852
12.512533 8.845428 -10.453188
13.311801 10.376532 -10.340927
13.639214 11.577857 -10.271389
13.005077 12.622231 -10.049397
8.428170 15.482337 -9.715809
7.350157 16.032385 -9.817276
5.797819 16.824455 -9.715326
4.329802 18.254637 -9.764690
2.868593 18.592285 -10.205359
1.543601 18.894779 -10.845699
-0.127343 19.217972 -11.090143
-1.933066 19.468014 -10.888273
-3.261982 19.584841 -10.373201
-4.545620 19.918804 -9.960869
-5.739134 19.899426 -10.000660
-6.867318 20.465727 -9.832693
-7.979173 20.050583 -9.725195
-9.286509 19.334925 -10.019184
-9.613123 17.621977 -10.454979
-9.953053 15.854654 -10.757395
-9.910729 13.945992 -11.199003
-9.320572 11.730879 -11.454069
-9.014486 10.655293 -11.483509
-8.553053 9.146844 -11.644875
-8.183908 7.940085 -11.773966
-7.888592 6.542690 -12.015053
-7.652338 5.424774 -12.207922
-7.246770 4.314449 -12.224403
-6.229624 1.419619 -12.385950
-5.675469 -0.185636 -12.504639
-5.448709 -2.333813 -12.461777
-5.267302 -4.052356 -12.427488
-4.689044 -5.211196 -12.124432
-3.856356 -7.311913 -11.963655
-3.323434 -9.649941 -11.943447
-3.133952 -10.769232 -11.875011
-3.415495 -12.744631 -11.406826
-3.640731 -14.324949 -11.032278
-3.171223 -16.021193 -10.457014
-2.795618 -17.378185 -9.996803
-2.495134 -18.679775 -9.766447
-2.254747 -19.721046 -9.582163
-2.062437 -20.986048 -9.021297
-1.908589 -21.998051 -8.572605
-2.218640 -23.239639 -8.075838
-2.448549 -25.459515 -7.360495
-2.422438 -27.009829 -6.764862
-2.622294 -28.477217 -5.859968
-3.140017 -30.366716 -4.950087
-3.644614 -31.489597 -4.367764
-3.967558 -32.942623 -3.719450
-4.607370 -34.520535 -3.084028
-5.632146 -35.266445 -2.036642
-7.188660 -35.834991 -1.758971
-8.184830 -35.810070 -0.589011
-9.212197 -36.571693 -0.088299
-10.649346 -36.670349 0.480220
-12.348756 -37.899857 0.844071
-13.826193 -37.909157 0.828874
-15.161572 -37.915108 1.067210
-16.795849 -37.141342 1.715870
-17.841785 -37.034924 1.634887
-18.901005 -36.966816 2.327246
-19.968718 -37.312012 2.770355
-21.041874 -36.366573 3.053946
-22.073133 -36.246410 3.154778
-23.774717 -36.073376 3.162163
-24.820417 -35.530651 3.332264
-25.882586 -35.368916 4.026799
-27.165649 -33.956627 4.106133
-27.317228 -32.610435 3.976507
-27.204170 -31.510588 3.751656
-28.401283 -31.098511 4.178102
-29.520266 -30.398975 4.285173
-28.670698 -29.190004 3.210924
-28.304380 -29.020838 1.897486
-27.804976 -28.234409 0.778493
-26.836710 -27.057814 0.042715
-25.437387 -26.304794 -0.676244
-24.152004 -24.656500 -2.376690
-22.549726 -23.212801 -3.961102
-21.134449 -21.900047 -4.975124
-19.764982 -21.433290 -5.611292
-18.669405 -21.059883 -6.120226
-17.792944 -19.897186 -6.527372
-16.314278 -17.574921 -7.251476
-15.692279 -16.461235 -7.570185
-14.544984 -15.786280 -7.825151
-12.243183 -14.382357 -8.330116
-11.136010 -13.691191 -8.570910
-10.033708 -12.490277 -8.763544
-8.229826 -10.328975 -9.592188
-6.468962 -8.600152 -10.701332
-5.645198 -7.277713 -11.383621
-4.338356 -6.258556 -11.572226
-3.296194 -5.896190 -11.578035
-1.795481 -4.985593 -11.834463
-0.835024 -3.625236 -11.502451
-0.493528 -2.493573 -11.797840
-0.434905 -0.431992 -11.947575
-0.960455 1.449003 -11.960716
-0.820365 2.609641 -11.803753
-0.860645 3.611642 -11.482798
-1.406182 5.030499 -11.415197
-2.621585 6.500149 -11.619995
-4.525582 7.829514 -11.585691
-6.956905 8.853103 -11.067612
-9.639089 9.076213 -10.515541
-10.785255 8.963547 -10.319250
-12.351884 9.089407 -10.162216
-13.605188 9.190096 -10.036591
-15.474091 9.702633 -9.660463
-16.969212 10.112663 -9.359562
-18.381876 10.008699 -8.981030
-19.512007 9.925529 -8.678204
-20.849241 9.858992 -8.298130
-21.919029 9.805763 -7.994070
-23.424557 9.979175 -7.750822
-24.628979 10.117903 -7.556225
-26.025646 10.012892 -6.849297
-27.142981 9.928882 -6.283754
-28.469978 9.645681 -5.555695
-29.531574 9.419122 -4.973248
-31.030548 9.021880 -4.231665
-32.229729 8.704087 -3.638399
-33.956547 7.468888 -3.032156
-35.451527 7.067148 -1.403849
-36.632767 6.060334 -1.100520
-38.550327 4.826516 -0.112477
-39.950817 4.209667 0.823057
-41.280262 3.598891 2.000611
-42.261040 1.739238 3.305497
-42.513512 0.502045 3.769456
-42.877068 -0.890723 4.437557
-43.889378 -1.393307 5.609330
-44.927074 -2.492536 6.607327
-45.201385 -3.584832 7.246044
-46.156578 -4.672688 8.150949
-46.767899 -6.146493 9.474276
-45.989693 -7.089729 10.569266
-45.422371 -8.079748 11.649112
-45.673779 -9.468975 12.485551
-46.738064 -10.180260 13.509157
-47.140049 -10.060126 14.888029
-47.055664 -9.955905 16.161451
-46.778572 -10.291331 17.408794
-46.384789 -9.639949 18.518806
-45.744507 -10.103116 19.582581
-46.435215 -9.299581 20.864843
-46.945827 -8.131297 22.044590
-46.860931 -7.776061 23.111061
-46.828873 -6.577499 23.761934
-47.546036 -6.064704 25.076303
-47.445446 -5.802153 26.096548
-47.740444 -4.613679 26.729164
-48.386494 -3.477637 27.188736
-47.624592 -2.270998 27.849653
-47.015457 -0.899691 28.284733
-46.757984 0.393265 28.235390
-47.514988 1.061603 29.391979
-47.341251 2.251089 29.387581
-47.400959 3.252357 29.347805
-46.903847 3.650013 28.293434
-46.673775 3.677163 27.104702
-47.698830 4.566178 26.383877
-47.886135 5.710939 26.134233
-47.558422 6.927665 26.452906
-47.970016 7.993439 26.348200
-47.635441 9.014324 26.806671
-48.653667 9.993497 27.160746
-48.351078 11.305730 27.154909
-47.855896 12.340213 27.322844
-48.724457 13.341247 27.334839
-47.631702 14.324551 27.209339
-46.508221 13.736635 27.914438
-46.699429 13.028157 26.823748
-46.639927 15.424880 27.621117
-46.218857 15.278572 26.591396
-47.075500 17.053724 27.072571
-45.718559 17.431774 27.148689
-46.020267 17.721348 26.080070
-47.088898 18.815304 26.180126
-46.069431 19.471676 25.949701
-44.702267 20.020872 26.822029
-45.066017 20.771360 25.646236
-45.370049 22.029320 25.291367
-44.281876 22.421623 24.801399
-44.538200 23.507401 25.470379
-44.794922 24.650812 25.218739
-44.841438 25.734911 24.984287
-44.455959 26.483009 26.089169
-44.529285 27.977596 26.367073
-43.461395 27.614202 26.530926
-43.883728 28.992916 27.047657
-43.456673 30.066160 27.105881
-42.432396 30.831654 27.124666
-41.167732 31.294436 27.580330
-40.949432 32.472099 27.822567
-40.863052 33.518688 27.338717
-40.082684 35.016968 27.338982
-39.757847 36.273464 27.598179
-39.228130 37.538300 27.345100
-38.212513 38.376472 27.152405
-36.636795 40.981258 26.938305
-36.534485 40.930069 27.978222
-35.206085 41.509701 28.847242
-35.312893 42.699276 29.145836
-34.280476 43.702591 29.826843
-32.773170 43.543926 29.554916
-32.867435 44.680386 29.824413
-32.566784 45.692474 29.525345
-31.570127 46.289619 30.534441
-31.193535 46.437912 31.535084
-30.890171 47.475330 30.661106
-29.623640 47.868149 31.281916
-28.386829 48.273899 31.580286
-28.123770 49.417061 31.626411
-26.865259 49.190056 31.642246
-26.933689 50.469246 31.655903
-25.774769 50.320538 31.790981
-25.676254 51.397968 31.306917
-24.583101 52.031361 32.157257
-23.537560 51.814678 31.945238
-23.758074 53.197514 31.986172
-22.383329 53.401821 31.721754
-23.206247 54.594978 31.888699
-22.023066 54.447777 31.434742
-21.142164 55.465317 31.112719
-20.405437 56.740314 30.996714
-19.599857 55.544212 30.911100
-19.007576 57.046791 30.964611
-17.998177 57.473724 31.146013
-19.001095 58.120861 30.888803
-16.892004 57.525669 30.774841
-16.186893 58.658485 31.027178
-15.116926 59.486633 30.841042
-13.974485 59.716560 30.888561
-12.708477 59.108330 30.284681
-12.688864 60.182755 30.888491
-13.806258 60.686108 29.821720
-11.692008 61.257656 30.855167
-11.299406 62.355728 30.635712
-10.290368 62.657352 30.937649
-9.182174 62.182072 31.138838
-8.636107 62.792156 30.019009
-7.193591 62.875744 30.375242
-6.020772 62.968262 29.700912
-6.204347 63.973656 29.321939
-5.014298 63.898350 29.270153
-3.948808 63.309307 28.761543
-3.880591 64.367401 29.103550
-4.324411 64.291138 30.276072
-3.317498 64.724960 31.212221
-3.515789 64.917221 32.268784
-2.203572 64.523125 31.838961
-1.846166 63.380035 32.188965
-0.810831 62.623676 32.971138
-1.141513 63.838840 33.749390
-0.038312 63.909641 33.425331
0.591639 64.933197 33.237610
0.683745 64.239944 32.206047
-0.003799 64.562691 30.932163
-0.104605 65.669662 29.403450
-0.156219 65.847649 28.223846
0.214103 65.035332 27.034119
0.840927 65.293015 25.280441
1.242094 65.846718 23.910025
0.719207 65.423515 22.536835
0.774376 64.763885 21.161867
0.419867 64.341721 19.537701
0.192983 64.460320 17.754045
0.112312 64.286491 16.568607
-0.003853 63.604202 14.723764
-0.294765 62.389954 13.157189
-0.437635 61.483238 11.658457
-0.355820 60.427757 10.340956
-0.303459 58.801876 8.836254
-0.486513 57.847713 7.432246
-0.776919 57.150654 6.258055
-0.313085 55.710964 5.286074
-0.146170 53.623196 4.388380
-0.375576 52.592888 3.946700
0.073716 51.109249 3.310680
-0.416232 49.717758 3.084540
-0.808190 48.604565 2.903628
-1.762427 47.779140 1.898927
-3.542590 46.862083 1.255918
-3.958972 45.672043 0.751667
-4.991691 43.958385 0.025546
-6.432267 42.429661 -0.576982
-7.484174 41.105690 -1.072850
-8.417273 40.042355 -1.252394
-9.360961 38.757034 -1.394864
-10.398050 37.588840 -1.320670
-11.841422 36.409210 -1.190499
-13.761379 35.308659 -1.079627
-15.293343 34.820301 -1.036232
-16.691696 33.921688 -0.128553
-17.726732 34.239761 0.057528
-19.866880 34.697784 0.325486
-20.916576 34.860638 0.420760
-22.246586 35.826508 1.753335
-23.452595 36.447685 2.678678
-24.051188 36.715641 3.767021
-25.350138 37.571125 5.010120
-26.045250 38.773796 5.479645
-26.100307 39.932297 6.524328
-26.135544 41.451313 8.185175
-26.547911 42.812275 9.000055
-26.261400 44.376137 9.427603
-26.032192 45.627228 9.769641
-25.702131 47.040009 11.254425
-25.584776 48.190311 11.920161
-24.982655 49.846752 13.292259
-24.683922 51.338856 15.052402
-24.189543 53.071377 16.895517
-23.353382 54.525784 18.709049
-22.818241 55.024616 20.613897
-22.475750 55.214268 22.301563
-22.039989 55.508446 23.767544
-22.454113 55.480724 24.926271
-23.195595 55.074196 26.219107
-23.063761 54.857220 27.763145
-24.428768 54.903210 28.905460
-24.885101 54.183735 30.537703
-26.054304 53.504333 31.423021
-25.751865 52.427921 32.146240
-25.969667 51.050209 32.814384
-26.179182 51.785553 29.952724
-25.016571 50.981339 28.884787
-24.662317 51.244213 27.705181
-24.435595 51.801250 26.702171
-24.290495 51.768963 25.564121
-24.977261 51.748299 24.091579
-25.416790 51.735069 22.653030
-25.698090 50.949028 21.484295
-25.878122 50.834751 19.992115
-25.942135 50.578121 18.910315
-26.034311 49.560600 17.076893
-25.876740 48.175011 15.683005
-26.035772 47.115437 14.377479
-26.050928 46.221317 12.797754
-25.930687 44.612312 11.180356
-25.720715 39.314453 7.684378
-23.555109 35.093639 3.838442
-23.337166 33.300327 2.497209
-23.043106 32.230721 1.882513
-22.186535 30.474493 0.859538
-21.724955 28.961716 0.508022
-21.342918 27.172762 -0.075260
-20.535347 25.941435 -0.999811
-19.210064 24.952869 -2.049973
-18.225471 23.824804 -2.719921
-16.591095 22.632381 -3.684645
-14.505579 21.566837 -4.026442
-13.379060 20.899986 -4.025469
-11.756869 20.717297 -4.520195
-10.313830 20.436348 -5.247347
-9.159400 20.211590 -5.829069
-7.802725 19.815786 -6.294447
-6.717384 19.499146 -6.666750
-5.199417 19.893814 -6.964592
-3.985044 20.209547 -7.202866
-2.796978 20.030149 -7.531298
-0.219905 21.283768 -7.866426
1.081391 22.401478 -7.924334
2.338995 23.295649 -7.970659
3.345078 24.010984 -8.007719
5.882465 24.583254 -8.037367
7.912374 25.041069 -8.061085
9.319736 25.839306 -8.217873
10.445626 26.477894 -8.343302
11.779468 27.420752 -8.168020
12.846542 28.175037 -8.027796
14.783027 29.858433 -7.639992
16.332214 31.205154 -7.329748
18.004694 31.850540 -6.943741
19.342678 32.366848 -6.634933
20.846195 33.211884 -5.836637
22.049009 33.887909 -5.198002
23.444391 34.860718 -4.549280
24.560698 35.638966 -4.030302
25.670305 36.477558 -3.752934
28.350965 37.901119 -3.077898
29.785347 38.503273 -2.715385
30.932852 39.200989 -1.736313
32.585258 40.205704 0.224803
33.859364 41.496696 2.196542
35.281174 43.705292 3.816767
35.979206 44.874561 4.454097
37.764011 45.780724 6.116040
39.296101 47.527035 7.675808
40.276642 49.033463 9.170185
41.294006 49.608788 10.622711
43.001125 51.099091 14.270699
43.021431 51.869560 15.297867
43.483799 52.763050 17.052616
44.342785 54.026066 18.396154
45.065784 55.093586 19.669456
45.528507 55.647198 20.952934
45.824650 56.822289 21.884609
46.230743 58.092724 22.618692
45.648457 59.194904 23.156939
45.991360 60.934223 23.619946
45.904308 62.063530 23.674183
45.458778 63.261467 23.653770
44.490452 64.314926 23.183628
43.249886 64.482742 21.818512
41.995239 63.745567 20.387871
41.088997 64.171333 19.236458
39.975773 63.839314 18.581411
38.156162 63.361202 17.500334
36.385231 62.839218 16.146944
34.688763 62.116356 14.701962
32.780079 61.264938 13.253487
30.822197 60.547237 11.995711
28.962770 60.087910 10.777298
26.993107 58.929970 9.528952
24.952883 57.497700 8.206322
22.650942 56.797050 6.615651
21.543720 56.643921 5.866329
19.949324 56.034634 4.787306
18.516165 55.386013 4.128028
17.369638 54.867119 3.600606
16.019289 54.667992 2.903043
14.939006 54.508690 2.344993
13.425086 53.949268 2.036366
12.213951 53.501724 1.789463
11.028477 52.927696 1.040691
8.671699 51.669113 -0.313165
7.544980 51.029625 -0.917036
6.210474 50.518028 -0.986695
5.142870 50.108753 -1.042423
3.855658 49.781338 -1.500443
2.825887 49.519402 -1.866858
1.732835 48.753426 -1.898372
0.477933 48.049091 -1.909576
-0.525988 47.485622 -1.918540
-1.762255 46.818855 -1.650086
-4.408741 45.858715 -1.539138
-5.734716 45.517326 -1.622190
-6.795498 45.460213 -1.688630
-8.323027 45.161976 -1.508680
-9.733773 45.014301 -1.173014
-11.632849 44.660599 -0.820374
-13.584581 44.520626 -0.070996
-15.006942 44.560642 0.739355
-16.133818 44.413456 1.395793
-17.894529 44.535248 2.063975
-18.905565 44.674553 2.362802
-20.361458 44.486355 3.537298
-21.000776 45.175262 4.948655
-21.702391 46.361965 5.936432
-22.541241 47.510242 6.320547
-22.688288 49.022713 7.310568
-22.392578 49.990700 8.440307
-22.231327 52.126442 9.558229
-21.941872 53.339428 9.874143
-20.745424 54.308548 11.073244
-20.369514 56.095150 12.584857
-19.349297 57.627357 13.800351
-18.120293 58.604130 13.956903
-16.567093 60.010685 14.871398
-15.529733 61.126873 16.559175
-14.692570 62.446018 17.942539
-13.723655 64.067848 18.855457
-12.323915 65.235405 19.963409
-11.081576 66.025848 21.278875
-9.420219 66.920517 22.892523
-7.880507 67.449913 24.090633
-6.851781 67.399933 25.463799
-5.803577 67.843132 27.141937
-5.176041 68.213173 28.188381
-4.086833 68.065742 29.442909
-3.860760 67.232483 30.543005
-3.326252 67.087982 31.991253
-2.235085 66.687492 33.531181
-0.986485 67.537903 33.851109
0.310494 67.331207 34.447998
0.904876 68.049026 33.253670
0.637839 68.897514 32.052872
2.025734 69.038185 30.710413
2.996570 68.848412 29.204334
3.574592 69.331734 27.771879
3.338143 69.338676 26.744858
3.056878 69.256721 25.674128
3.050119 69.549858 23.969048
3.262359 69.521477 21.913109
3.571446 69.330513 19.990932
3.336129 68.776314 17.988989
2.839023 67.860039 16.128933
2.520875 66.668846 14.276998
2.100697 65.344902 12.237322
1.225400 64.108780 10.049929
0.721680 63.573277 9.027189
0.102139 62.496895 8.208998
-0.789998 60.298920 6.479551
-1.107203 59.229427 5.619637
-2.343612 57.689362 3.885235
-2.783223 56.493801 2.992933
-4.499091 54.556202 1.708020
-5.590434 53.771282 1.251162
-5.992514 53.029781 -0.150902
-6.135476 51.902161 -0.373788
-6.774473 50.062393 -0.832557
-6.447109 48.280167 -1.512043
-5.768472 45.099155 -2.648499
-6.106459 44.758102 -3.886997
-5.143806 43.556870 -4.189539
-3.757587 41.827099 -5.176449
-2.870405 40.072063 -5.835634
-1.869480 38.862442 -6.340200
-0.665820 37.785900 -6.993874
0.710906 36.362534 -7.687849
2.588210 35.494778 -8.076868
4.742572 34.896214 -8.243153
6.684432 34.340340 -8.735451
8.317039 33.768589 -8.995396
10.401421 33.445869 -8.665636
11.527539 33.427116 -8.425888
12.861564 33.412117 -8.371902
13.928782 33.400120 -8.328714
15.432255 32.958534 -8.431976
16.635031 32.605267 -8.514585
18.463512 32.538643 -8.029423
19.926298 32.485344 -7.641293
21.529657 32.442707 -7.468601
22.812344 32.408600 -7.330448
24.271626 32.813293 -7.082113
25.439047 33.137051 -6.883446
27.022682 33.180065 -6.586699
28.289589 33.214481 -6.349300
30.169376 33.673996 -6.159382
31.673203 34.041603 -6.007446
33.092834 34.767681 -5.059023
34.228535 35.348545 -4.300285
35.353664 35.381248 -3.693295
37.840107 36.076321 -2.405790
39.109180 36.611446 -1.764261
40.124439 37.255539 -0.837601
41.802979 37.967041 0.910228
43.916752 38.465603 2.635214
45.053322 38.738865 3.371042
46.689983 39.132366 4.926760
47.921600 39.272278 5.617717
49.045433 39.473747 7.026132
49.461498 39.818684 8.809517
49.901035 40.644226 10.254072
50.615467 41.518162 11.619587
52.583298 42.651436 14.404495
53.285942 42.951508 15.404905
54.297764 43.383610 16.845495
54.440952 43.105259 17.908955
55.080284 42.920429 19.715961
55.835957 43.190929 21.230759
56.969284 44.400814 22.861729
57.997803 45.650322 24.346550
58.482807 46.277210 25.572460
59.442902 46.462429 26.715355
60.577118 46.408176 27.557060
61.570457 47.495079 28.534149
62.761703 48.235435 28.858898
63.554039 48.871506 29.859772
63.208248 49.893925 30.065609
62.206005 50.578266 30.777781
62.434788 50.609745 32.131195
63.557610 49.985031 32.278732
63.562717 51.437729 32.079712
64.800240 49.244522 31.848324
64.575478 50.442619 32.523857
65.802162 49.623867 33.214588
65.517075 48.434158 33.130203
66.845085 47.925434 33.318169
67.671791 47.859135 34.461662
67.681023 48.997028 33.941479
68.841019 49.509857 33.491211
69.908257 49.534515 33.312073
70.493629 48.451073 32.272972
70.834641 47.048035 32.654324
71.101028 48.221153 33.603264
71.934990 47.165245 33.278976
72.999207 46.929142 32.591881
73.125343 45.888283 32.731865
73.625595 44.796413 32.370346
72.535988 44.406841 31.871588
73.634499 44.703808 31.353170
74.804085 45.272472 31.377491
75.809250 44.358665 31.668053
74.777306 43.793598 30.797186
75.822235 43.147621 31.164452
76.471710 41.994236 30.746069
76.093719 41.737061 29.743694
77.546364 41.487122 30.599600
78.591042 41.268421 30.152643
78.419273 41.460598 29.138374
78.220848 40.422974 29.150715
79.731987 40.579239 29.087217
80.039307 39.358852 28.119072
81.049301 40.485481 28.300056
81.052475 38.764557 27.505817
81.288658 37.712002 26.799517
82.302711 38.262131 27.202053
82.645630 37.141048 26.547714
81.450623 36.529964 26.151260
81.486877 35.368347 26.497421
82.506241 37.785721 25.343081
81.448204 38.131565 24.563646
82.463097 38.497845 24.207890
81.749855 38.742805 23.132708
80.994865 39.023739 21.986864
81.838402 39.107101 20.650492
81.493813 39.152042 19.430920
80.926781 39.439999 18.429893
81.214478 38.991913 17.065323
80.748001 39.683105 15.923662
80.059647 39.736679 14.448812
79.695770 39.155300 13.307631
78.408463 37.890766 13.584392
77.194557 37.199028 13.646321
73.930573 36.202930 13.184251
72.096291 35.848763 12.774960
69.546043 34.917446 12.171902
67.505836 34.172394 11.689455
65.440544 34.008339 10.890059
63.788311 33.877098 10.250544
61.816830 33.772099 9.187681
60.239647 33.688103 8.337391
58.761337 33.836899 7.243721
57.578682 33.955936 6.368785
56.415997 34.699150 5.393212
54.308594 36.417347 3.988387
51.963665 38.035381 2.538048
50.841152 38.610683 1.777371
50.159714 39.934898 1.306643
49.614559 40.994274 0.930059
48.312180 42.057762 0.490981
47.270271 42.908554 0.139718
46.003616 44.021175 -0.416917
44.990292 44.911270 -0.862225
43.746502 46.055336 -1.218472
41.305752 47.702782 -2.007092
40.149174 48.288544 -2.409990
38.790783 49.189140 -3.007935
37.704071 49.909618 -3.486290
37.051262 50.917988 -4.144598
35.894661 52.370037 -5.092564
34.114922 53.515343 -5.699261
33.097118 54.018559 -5.914974
32.499443 55.069115 -6.087545
31.422226 56.581909 -6.336048
30.342991 57.550098 -6.081652
29.912155 58.601723 -5.725903
29.982927 59.836346 -5.470659
30.044325 61.141685 -5.347836
31.236965 61.245930 -5.366508
31.610439 62.479015 -4.634274
33.018917 62.490608 -3.917580
34.310154 62.886822 -2.962770
35.526367 63.917973 -2.351694
37.084373 63.800335 -1.464479
38.471317 64.113831 -0.896662
40.138599 64.703255 -0.285195
41.595474 65.080490 0.850330
42.917690 65.321922 1.825130
44.037506 64.975777 2.585162
45.433479 64.693321 3.266172
46.586777 64.253357 3.922519
47.671391 63.410194 4.921392
48.798679 62.265797 5.808734
49.866646 61.619774 6.486883
50.983269 60.687927 7.058710
52.260983 59.832363 7.810555
53.685104 59.414398 8.787861
55.376175 58.758114 9.771648
56.804962 57.301323 10.787148
57.935955 55.245811 11.933193
59.049603 53.584686 13.300599
59.935589 52.305576 14.644301
60.719185 50.882168 16.027958
61.827068 49.625595 17.657686
62.882622 48.605396 19.307087
63.558170 47.995670 21.134453
63.557396 47.346252 23.158405
62.993832 46.369041 25.473549
62.697201 45.925591 26.602961
62.459896 45.570827 28.195553
62.270050 45.287022 29.469625
61.251915 44.627987 31.177946
60.437412 44.100758 32.544601
59.569244 44.110966 34.464806
58.874702 44.119129 36.000961
57.669376 44.341652 37.781143
56.705120 44.519672 39.205284
55.067448 44.662090 40.620224
53.757317 44.776020 41.752174
51.842949 44.867172 43.208988
50.311451 44.940090 44.374435
48.003433 44.998425 45.995857
46.157013 45.045090 47.292995
44.030186 45.298416 48.192894
42.328724 45.501080 48.912811
39.884724 45.879200 49.626556
37.929527 46.181698 50.197556
35.282547 46.207699 50.929977
33.164959 46.228504 51.515915
31.037760 46.677135 51.846851
29.336002 47.036041 52.111603
27.541462 47.755150 52.599030
26.105833 48.330441 52.988972
24.957329 49.438648 53.025299
22.870352 50.386494 52.939796
21.188185 51.122711 52.912636
20.111597 51.896278 52.316441
19.567413 53.499523 51.796150
19.074303 55.188583 51.298702
21.314583 56.558903 50.470242
22.423719 57.101383 50.459064
23.527594 58.183353 49.898872
25.550303 59.741386 48.678757
26.974775 61.170513 46.878071
28.146317 62.862732 44.623131
28.755367 63.656406 43.576378
29.675737 65.155319 42.049911
30.412035 66.354446 40.828735
31.001070 67.313751 39.576172
31.472300 68.081192 38.574123
32.282413 69.127129 37.083420
32.930504 69.963882 35.890858
33.448978 70.633278 34.247746
33.863754 71.168800 32.933254
34.195580 72.245201 31.192600
34.461037 73.106323 29.800076
34.673401 73.795219 27.859182
34.843296 74.346329 26.306467
34.546078 74.571236 25.064295
33.901524 75.111084 22.448692
33.576099 75.399025 21.151199
32.666065 75.629379 19.561954
31.938032 75.813660 18.290560
31.139044 75.745094 16.722195
30.499853 75.690247 15.467502
29.555370 75.646362 14.050309
28.799784 75.611252 12.916556
27.762186 75.367172 11.320491
26.932104 75.171913 10.043639
25.834911 74.799706 8.746532
24.957157 74.501945 7.708847
23.303373 74.461960 5.966517
22.715361 74.015755 4.520147
22.244951 73.658791 3.363051
21.002363 73.589203 2.161750
18.779905 72.625038 0.294063
16.794464 70.884811 -1.700570
15.992278 70.074066 -2.716022
14.484269 68.561493 -3.528385
13.277862 67.351440 -4.178274
12.745867 65.735420 -5.249435
12.320270 64.442596 -6.106365
11.330097 62.760368 -7.205347
10.537959 61.414577 -8.084532
10.120813 58.825993 -8.925692
9.787097 56.755131 -9.598619
9.520124 54.882439 -10.550400
9.306545 53.384293 -11.311823
10.001943 51.753784 -11.783150
10.558261 50.449379 -12.160212
11.219881 48.109894 -12.737486
11.749177 46.238308 -13.199306
12.389179 44.741039 -13.844387
12.901179 43.543224 -14.360453
13.960476 41.289009 -14.635490
14.807913 39.485638 -14.855522
16.785254 37.178967 -14.893734
18.367125 35.333630 -14.924305
20.715448 32.993389 -14.397511
22.594109 31.121191 -13.976074
24.746729 28.975460 -13.501114
26.468826 27.258869 -13.121145
28.929329 25.453611 -12.403732
30.897734 24.009405 -11.829803
33.338715 22.638048 -10.819408
35.291500 21.540960 -10.011093
38.153122 20.231306 -8.675379
40.442417 19.183580 -7.606808
43.140118 18.777388 -5.649450
45.298271 18.452435 -4.083565
47.674492 18.408464 -2.417418
49.575470 18.373289 -1.084500
51.745953 17.697166 0.670896
53.482334 17.156269 2.075212
55.521130 16.723551 3.749916
57.152168 16.377377 5.089679
57.807308 15.668450 6.988364
58.331421 15.101311 8.507313
59.833530 14.431604 10.411533
61.346878 12.819248 13.429237
61.596199 11.957975 14.624699
62.228798 11.052962 15.994505
62.734867 10.328953 17.090351
62.490028 9.965738 18.242651
62.787159 9.010723 19.901964
62.580040 7.713727 21.093449
62.974705 8.390210 22.470663
62.886757 10.119133 20.298895
63.560822 10.318458 19.233461
59.936733 13.335402 9.156313
56.889854 16.615486 3.549111
56.081501 18.234865 2.172785
55.434814 19.530369 1.071724
54.051208 20.782764 -0.498187
52.944324 21.784681 -1.754116
51.409119 23.450190 -3.034485
50.180954 24.782598 -4.058779
48.765289 26.928486 -5.291653
47.632759 28.645203 -6.277950
45.860477 29.802578 -7.066990
44.442654 30.728483 -7.698221
43.091824 32.333179 -8.065393
42.011162 33.616932 -8.359131
40.713505 35.507908 -8.869745
39.675377 37.020691 -9.278238
38.411743 38.446911 -9.880657
37.400837 39.587887 -10.362593
35.509289 41.148651 -10.748140
33.996048 42.397259 -11.056580
32.785461 43.396145 -11.303329
31.258772 45.698517 -11.383026
30.812199 46.901123 -11.288862
29.805248 48.511189 -11.075718
28.999685 49.799244 -10.905203
28.355238 50.829685 -10.906603
26.994099 52.529518 -10.632996
25.776468 54.438183 -9.823950
25.430313 55.962120 -8.975410
25.555281 57.628620 -8.294533
26.068388 59.386356 -7.748520
26.959846 60.727306 -6.985636
28.136761 62.190292 -6.304451
29.669622 63.256199 -5.565306
31.430286 63.765587 -4.761503
33.336746 64.091591 -3.833632
40.841213 63.682461 0.433380
42.592892 63.448212 1.471763
43.994232 63.260815 2.302468
45.115307 62.678909 2.967033
47.379345 61.840965 4.199632
48.473091 61.543034 4.760389
49.658268 60.336430 6.064004
50.729362 59.259434 6.665325
52.921429 58.140545 7.669038
53.989586 57.934711 8.087164
55.527729 56.860741 9.185390
56.901951 55.395821 10.136318
57.877609 53.476944 12.047263
58.665756 51.847836 13.070416
59.906494 49.552448 13.890610
60.443897 48.256321 14.304733
61.607578 47.556263 15.397198
62.617123 45.557930 16.956858
62.998444 44.317345 17.976557
63.459053 43.004982 18.877228
64.576782 41.473892 19.701719
65.162193 39.846016 20.615269
65.450233 37.853802 21.833878
65.764511 36.017204 22.668911
66.008965 34.668983 23.258459
66.122108 33.158146 23.856270
66.887520 31.888817 24.927931
66.987572 30.601265 25.751606
66.618477 29.258846 26.223633
66.512192 28.183704 27.021856
66.270912 26.674837 28.028843
65.683365 24.974783 28.618191
65.177399 23.713957 28.774874
64.810265 22.691034 29.564213
64.402054 21.647577 30.758453
64.140785 20.158987 31.908642
63.540455 18.903898 33.003075
62.160046 18.057442 34.089386
60.973385 17.342915 35.418564
60.387173 16.669624 36.875610
59.578869 16.065928 38.166435
58.931618 15.679558 39.240623
58.257500 15.216290 40.451794
57.046425 14.962996 41.557693
55.491707 14.757692 42.541092
54.150185 14.021512 43.253151
52.425346 13.636757 44.149872
50.628445 13.736102 45.302589
49.261860 13.367697 46.150574
47.780865 13.002321 47.106724
46.269958 12.941276 48.325031
44.913162 13.118199 49.325253
43.438427 13.620218 50.103203
41.931534 14.546292 50.986969
40.577301 15.268575 51.497452
39.320774 15.774035 52.017101
38.126778 16.702311 52.818241
36.856068 17.198534 53.662724
35.723171 18.485312 53.977737
34.816853 19.514732 54.229748
34.308357 20.554262 54.293545
33.359566 22.267181 54.385414
32.795650 24.184221 54.306396
32.174866 26.793486 54.421200
31.761642 28.105213 54.584518
30.781366 29.154594 54.715172
29.802900 31.097692 54.903313
29.306622 33.334839 54.748100
29.033915 34.418266 54.570415
28.599184 35.932980 54.566078
28.251402 37.144760 54.562611
27.973173 38.762157 54.559837
27.750593 40.056076 54.557617
27.789093 41.091209 54.142403
27.627968 43.445782 53.544495
27.474428 44.666946 53.331905
27.784723 46.075874 52.610584
27.798424 49.184689 51.709694
27.610790 50.770031 51.450626
28.110382 52.470291 50.554310
28.510054 53.830498 49.837257
29.479486 55.134655 48.850178
30.255033 56.177982 48.060513
30.225775 58.092609 47.153156
30.202368 59.624313 46.427273
31.049904 61.065666 44.881874
31.727930 62.218750 43.645561
32.053787 63.789200 42.243069
32.314472 65.045555 41.121078
32.956154 66.482635 39.534420
33.469498 67.632294 38.265095
34.313301 68.984009 36.974007
34.988346 70.065384 35.941139
34.878685 70.714485 34.839222
35.753231 73.237679 29.256310
35.707157 73.900299 27.975418
35.857380 75.502457 25.717499
36.126774 76.398247 23.390430
36.222557 76.428757 22.318027
37.140121 76.861473 20.525705
37.033234 76.151360 19.337185
37.312450 75.128792 17.487904
37.621086 74.042366 15.918489
38.295059 73.649445 14.693563
38.813026 73.700363 13.496174
39.231152 72.696182 12.674719
40.278385 72.010307 12.093863
41.728249 71.657745 11.639428
43.219231 71.086510 11.321027
44.357777 69.813362 11.391471
45.465202 68.739746 11.548209
46.563766 67.663841 11.648521
48.046486 66.586479 12.208847
49.549389 65.962830 13.643110
50.563667 65.065842 14.753259
51.386051 63.930183 15.684254
52.489334 63.488289 16.740005
52.447838 63.849537 18.454714
53.068367 63.540539 19.541561
52.986851 62.260654 20.484459
52.936893 62.350861 21.584785
52.904919 62.408588 22.785118
51.715004 62.834332 23.801395
52.902542 63.495590 24.947937
52.493122 63.530010 26.425911
51.800076 62.911892 28.121572
50.834652 62.422062 29.201225
50.606598 62.238167 30.443453
50.417328 61.083702 32.230728
50.339512 60.085659 34.091209
49.813271 59.144520 35.640228
49.173279 57.807812 37.155289
48.720375 56.347538 38.593491
48.257263 55.067375 40.037628
47.094608 53.816082 41.568253
45.440933 52.021683 43.043976
44.209335 50.354889 44.760185
43.204544 49.288136 46.713001
42.171661 47.957436 48.155739
37.806881 44.481285 50.418442
37.350079 43.119427 50.968876
36.984638 42.029942 51.409222
36.475716 40.294373 51.899311
36.068581 38.905922 52.291382
34.702671 37.295341 53.352089
34.433582 35.426727 53.729229
34.218307 33.931843 54.030941
33.829529 32.303944 54.547935
33.518497 31.001623 54.961533
33.269676 29.095797 55.016785
32.911373 25.703426 55.096348
32.600529 20.502501 54.421185
32.751865 18.752558 54.171070
32.872932 17.352600 53.970978
33.186356 15.368664 53.673092
33.437096 13.781513 53.434784
33.854252 11.647820 52.968510
34.187973 9.940866 52.595493
34.671516 8.143314 51.745831
35.058353 6.705274 51.066097
35.367821 4.906861 50.660126
35.615395 3.468132 50.335346
35.813457 1.669167 49.662086
35.971901 0.229996 49.123478
36.315228 -1.353328 48.141342
36.589886 -2.619987 47.355633
37.675873 -3.633315 46.313625
39.456257 -5.308499 44.261887
40.335827 -6.985399 41.956528
40.456062 -7.773624 40.891846
40.985378 -8.620198 39.626659
41.408833 -9.297456 38.614510
42.397289 -10.055257 37.529167
43.604107 -11.146489 35.552834
44.419781 -12.276866 33.681610
45.331627 -13.777882 31.712271
45.871899 -14.868129 29.873085
46.044418 -15.177098 28.447941
45.505138 -15.850024 27.287788
44.423672 -16.151102 26.159416
43.774853 -16.257393 24.803318
43.532856 -16.455015 23.742481
42.655155 -16.906080 22.396397
42.036617 -16.697380 20.823923
41.857319 -16.779806 19.817541
41.936619 -17.863123 18.696386
40.566807 -17.982218 17.488373
40.435608 -17.917177 16.269053
40.406387 -17.810080 15.223516
40.270428 -19.385719 18.646399
39.295277 -19.929482 20.053261
38.456966 -20.187510 21.198566
37.833824 -20.352648 22.455252
37.998077 -20.458336 23.590279
37.985615 -20.550028 24.823040
37.099026 -20.195871 25.849854
37.311245 -19.969210 27.499260
36.667427 -20.212936 28.802944
35.475750 -19.591345 30.381491
34.713081 -19.193527 31.887884
33.445332 -19.327709 33.100040
32.244160 -19.024799 34.620007
30.695776 -18.830938 35.840847
28.925173 -18.318077 37.118309
